Eigvals	16
0.8034604379966569	0.6359498222288532	0.5433204390318596	0.48991344502815354	0.4284143230766572	0.3450216767444661	0.3044805945749892	0.26430993425337623	0.25552165853874736	0.24707701207146487	0.20114195631658488	0.194865699126804	0.17558983242177578	0.12800053623684995	0.07203819485276018	0.0

Proportion explained	16
0.15787851679027873	0.12496298503119395	0.10676147947006939	0.0962671021481987	0.08418263638182438	0.06779613283851316	0.059829883824499525	0.0519364220308166	0.05020954181449983	0.04855018412117384	0.039524029094372894	0.03829075595576311	0.0345030831578031	0.025151872890993895	0.014155374449998983	0.0

Species	0	0

Site	16	16
CG138-138	-0.055406220488083364	0.44643015110321305	0.46762239046030324	-0.19331922848002087	0.23096732958913793	0.03264359628122996	0.021079912338608137	-0.04600506034029171	-0.015405816304992194	0.01849520163169925	0.006473910802580473	0.004045377850283879	-0.0005862050832485955	-0.0009817946781342857	-0.011529886580103349	-0.0
CG139-139	-0.316507222794296	-0.11695483834831409	0.20101561954287606	0.33890709146291803	-0.04324894924258692	-0.07120222571876228	0.0017555566691602673	-0.007350325552641344	-0.008537364005734913	0.08226985823007622	0.12822471422219056	-0.028266889650680697	-0.07394274618783503	0.06916287800980676	0.14232482506281818	-0.0
CG140-140	-0.09448917635418846	0.2551948968155471	-0.19791529565006336	0.06286791649561939	-0.13924453020449495	0.3150895197671077	0.0866348713518528	-0.039290028437337796	0.04332937818906489	-0.09938925088272564	-0.09980518787046588	-0.2063778978587436	-0.047387941288605934	0.07875687157906346	0.016216170148483058	-0.0
CG141-141	-0.3138841923892973	0.07835177763710502	0.10996905327646099	0.17397245205389966	-0.23060489379027102	-0.05162093588774347	-0.15126358763256006	0.16526453325818855	0.14903564704748737	-0.02519325489420132	-0.1339724452363646	0.10488860980629316	0.060032863988493966	-0.04086802191235223	-0.10117370278839037	-0.0
CG142-142	-0.10649467877224726	-0.22238909222471087	-0.0015761060905660235	-0.32263233327132784	-0.009207980166531316	-0.1082689337322252	0.23043736664023332	0.17265098068945925	0.10353666907884664	-0.06794833607616566	0.024531482613535768	0.02148021308605356	0.021292708318937606	0.176185063399306	-0.007111674982144923	-0.0
CG143-143	-0.22684380164621934	-0.31772755559422	0.0028342213471072644	-0.10873643002532796	0.21022956886399244	0.07908906855343685	0.046830000096129754	0.02045845232155167	0.0012167947231659928	-0.06753452982752615	-0.15764612640258935	-0.04825333889606681	0.022257391993711732	-0.20706825878322688	0.07035864788933757	-0.0
CG151-151	-0.05739790244477857	0.20217189528147347	-0.22136111153193874	-0.034503134239223604	-0.002471053668549024	-0.32489491172549506	0.0039702567793277205	0.035882204660525	0.0020529492963903976	0.011652514168024814	0.1440609739579812	-0.22002905402652237	0.035983483078057696	-0.10871200763720919	-0.03146149908599718	-0.0
CG152-152	0.37065418353309426	-0.02784734786220848	0.04652150817346743	0.08016923249114236	-0.08732952399536735	0.0891636712306258	0.16333544947527145	0.13291241529678227	-0.03902089628348689	0.3329223131614989	-0.053753509409428746	-0.026922228575927437	0.11050544666679009	-0.03696715352334167	0.001403463508937942	-0.0
CG153-153	0.36269752891805607	-0.031130457613427007	0.14987982614688364	0.0726575019305522	-0.15144117466023366	-0.04107926083526515	-0.020653061396948048	0.12727549938065355	-0.27068651148146816	-0.27412971700689537	0.0017190757077349165	0.007504225667655705	-0.008066363665027214	-0.017860071294540564	0.018885023639966626	-0.0
CG154-154	0.14445845575607968	-0.14736138960564388	0.080050316741528	-0.26858378864493904	-0.24904082498525662	-0.12215253737916935	-0.20633035098916036	-0.2198746214946199	0.017006274560467223	0.10199661097559098	-0.12280256112586337	-0.056647276921654874	-0.10116842801612523	0.030160599092862946	0.023276170620800785	-0.0
CG155-155	-0.13540917139374206	0.10859042813840025	-0.21509912766799993	-0.20002208574171246	-0.12082230894926073	0.16374151813087637	-0.017274946822162202	0.062437693257281476	-0.08467474298923475	0.07443591901895158	0.16936966297508985	0.1997109525616486	-0.15773849552004873	-0.08827312119252276	0.010207168286659048	-0.0
CG156-156	-0.11549361094192326	-0.30149325317384246	0.08113042528207813	0.11510362688726185	0.05632794830782281	0.09621366032103756	0.07897549442487437	-0.19264812158736083	-0.116894992873042	0.010256040858038471	0.10406699114836918	-0.0400558073994875	-0.015170348462327664	0.012162776373836956	-0.17502147664116896	-0.0
CG157-157	-0.1298130723703793	0.02717047705503369	-0.20526551783707225	-0.053121098195882246	0.11098573195431555	0.04379072358354119	-0.20998774545478333	-0.06447810071881702	-0.15072958457856478	0.020099249762633817	0.009953363962884081	0.06558388284201704	0.2725504614980669	0.10188265500246303	0.0378969509135209	-0.0
CG158-158	0.20077379291269787	-0.021480664193304418	-0.16525227212106378	0.1328459289854479	0.3629728305662703	-0.041599407377546	-0.17289867126055602	0.13942698181235139	0.015995301262076402	0.04856343349322115	-0.08548457461933205	0.000717959856466756	-0.18639901842210063	0.08316736678503343	-0.035256784161552486	-0.0
CG159-159	0.37091373946578754	-0.08972380163624677	0.03825527599408504	0.03935193190861919	0.03257807114305675	0.1244838651404169	-0.09696087809420578	-0.06007698163938647	0.31639696150777546	-0.11048396265344682	0.18005986204104138	0.025597601788328237	0.07313837205915942	-0.04097262941582545	0.021678450826772448	-0.0
CG160-160	0.10224134900943975	0.1581987742211448	-0.17080920606608313	0.1650424163829736	0.029349759237957244	-0.18339741035206647	0.24235033387491753	-0.22658552090633832	0.0373799328512486	-0.05601208995877323	-0.11499563276736514	0.19702366987033737	-0.005301180957897648	-0.009775151805220242	0.019308153342062918	-0.0

Biplot	0	0

Site constraints	0	0
