Eigvals	16
0.5884246367801861	0.5271937594023566	0.4966652965552242	0.4720342056093791	0.4543829765245043	0.4536367663070142	0.4347584821032552	0.421732223343095	0.418699735017804	0.41095808228755437	0.39405231700132715	0.37943634172333135	0.37096477448082665	0.36224447918717995	0.3248713507846329	0.0

Proportion explained	16
0.09038703946052502	0.0809814548132936	0.0762920227202867	0.07250847721569977	0.06979709798360051	0.06968247373410749	0.06678260837733181	0.06478166400657896	0.06431584795336015	0.06312666411046787	0.06052979447156555	0.05828465609422772	0.05698335116105782	0.055643839479277715	0.04990300841861939	0.0

Species	0	0

Site	16	16
CG138-138	0.16062257621924847	0.07677225579547772	0.6009460203042812	0.11919405874714474	-0.07473184355319297	0.04452517921808316	-0.06942890636701704	0.009530037874019447	0.0760416184820014	-0.07808991176442988	-0.11147350312015808	-0.06626307044193452	0.03388638562783187	0.030006534774900895	0.08051539849788104	-0.0
CG139-139	0.11627779959161279	-0.09955056768241911	-0.06458816899289098	-0.02195450047822217	-0.3540660731973026	-0.23009659004827876	-0.07600220325858142	-0.03706533751309048	0.2214035677564375	0.36724824719272486	0.06038882284674624	0.0467069197682298	0.03361883498146154	-0.04627105431178366	0.05074978173291912	-0.0
CG140-140	0.05016636958706663	0.2373819636205108	0.010578034263906654	-0.13025587383281198	-0.09797857225638665	-0.21819523906265353	0.003618471615271843	0.039009920187067115	-0.4675573958548443	0.08467932009914621	-0.04268624782981515	-0.049188207829469734	0.053136301915457027	0.16373654864938222	-0.09582584184845173	-0.0
CG141-141	0.25169908772050653	0.2202426350083181	0.038106894855185126	-0.08360343679378697	0.12334426857388577	0.08482104704289035	0.14251744593460916	0.028132815450900264	-0.034521431570445495	0.03228498672010228	0.3379907427066935	0.021492082443007487	-0.05741300440716099	-0.3364138063868432	-0.037558363488796466	-0.0
CG142-142	0.1207035664404779	0.1710200103111894	-0.1170276372867422	0.047817612208825605	0.13332770955433712	0.08536415006142464	-0.2346226882941719	-0.2864590205221806	0.11217063407686269	0.037576079892141775	0.003912945641829432	-0.09593025664041434	-0.3120441035683565	0.1889960675397491	-0.09805928301440896	-0.0
CG143-143	0.2937183842393031	-0.04811134856213954	-0.06984277547948778	-0.2221943198742985	0.24121504581790046	0.10858738073236618	0.12904237964583123	0.18296027903429615	0.13174049177920788	0.07889219440498166	-0.14016116570550394	0.212595496004038	0.10651393322863166	0.22397997764119934	0.043130638475959104	-0.0
CG151-151	0.0039000957663823093	-0.08480939234648496	-0.08137783986282844	0.3722103941123305	-0.014801943824758627	-0.015305554517387788	0.26131778057200694	0.20351171381652922	-0.06393816398786513	0.06720828709051065	-0.2083916754487213	0.005774166587732669	-0.27639264689913295	-0.07568848979444406	-0.05076252197735025	-0.0
CG152-152	-0.22488914885690992	0.1884348793947551	-0.11532007065019029	0.11092953615472044	0.06963092555988305	0.003091580775468338	-0.09461756697793068	0.06483107212438083	-0.04973183017093961	-0.007984312409147811	0.0786802924690557	0.053953510625660527	-0.006112591712289447	0.033215743837244883	0.46217646315736904	-0.0
CG153-153	-0.34757093351189966	0.07489854226582388	0.08916452943749169	0.04836830232232736	0.05637182112146861	-0.06408725387019334	-0.20480389369426857	0.10534648913032481	0.06479807202176359	-0.04247085301017491	0.04436537763004536	0.374001432133469	0.013722804624562133	-0.04081869160457027	-0.2340284996949782	-0.0
CG154-154	-0.2644340351554855	0.03605517230974463	-0.029468079114226813	0.05566866163738277	-0.023920221337590045	0.2811036325522818	0.051768306437824506	0.17237408305229115	0.09282473030463023	0.14687360186451637	0.13489658319678857	-0.306813784939363	0.1847824826642296	0.12461640898778599	-0.13191484377452803	-0.0
CG155-155	0.11107622115716564	0.028433172160963912	-0.19259730579802556	0.1422403865128029	-0.0056468287631088136	0.17313668027995432	-0.13382630407871665	-0.20161452793616688	-0.0822890670546952	-0.027251816582227528	-0.2702842289585289	0.015225470782290373	0.2989257838476417	-0.23038365186136078	-0.027591838925471162	-0.0
CG156-156	-0.037452078136852036	-0.07216454044067369	-0.0907169522840838	-0.34143591306405574	-0.09119662197396472	-0.03712257970139465	-0.19101622616233008	0.2423969278721803	0.0665694392804365	-0.21967123127318963	-0.15468889917283338	-0.1900471431303286	-0.14597150033682973	-0.16512368838030395	0.012535962064159772	-0.0
CG157-157	0.07849273956713661	-0.3671290590454714	-0.020279697509276592	-0.0008757837864590331	-0.25224483541747367	0.2680754998707101	-0.023188222520077628	-0.06367137409025378	-0.1961522381388579	-0.16650068029655518	0.20113778716576564	0.1404534750445248	-0.06626459485224781	0.10966349524062674	0.02669317395621974	-0.0
CG158-158	0.03795760046053498	-0.3857361914306637	0.02754423535350934	0.11729750077939381	0.3435502057820769	-0.30138869864326495	-0.0998090659109809	-0.024014589460955957	-0.052700474354056	-0.024113317176978427	0.1307145469409435	-0.14892734249966721	0.101388660528615	-0.00786136552772773	-0.006446859730288355	-0.0
CG159-159	-0.3459965135370103	-0.12104748915189759	0.14137288526310898	-0.2681128969458929	0.07950648565340222	0.03273879046316605	0.26283163639473844	-0.3104392676301346	-0.02309047379462984	0.11851823626276978	-0.12129922765885384	0.0054393862523990436	-0.07314126442828267	-0.07658242267990734	0.046183199991130686	-0.0
CG160-160	-0.004271731551276863	0.1453099577929662	-0.1264940724997312	0.054706272300598976	-0.13235952173917642	-0.2152480251531724	0.27621905666379293	-0.12482922138920721	0.20443252122499314	-0.3671988310141895	0.05689784929654597	-0.018472134160174777	0.11136451878586995	0.10492839387605112	-0.03979656542136474	-0.0

Biplot	0	0

Site constraints	0	0
