Eigvals	16
0.8016021583145538	0.43747790554306004	0.41324850824132525	0.35324733992898993	0.34203117002004735	0.3284150964850626	0.31355792566527724	0.3028094592185592	0.3004912346479344	0.26731716262348637	0.2576627101094085	0.24596557251300735	0.23026087471592954	0.21178435780651728	0.19031819923660945	0.0

Proportion explained	16
0.1604426994264104	0.0875623092786106	0.08271273412684328	0.07070334853211054	0.06845840375651294	0.06573311220024418	0.06275941188339665	0.06060807913869496	0.06014408062755109	0.05350420620685372	0.05157184311778764	0.049230631443065186	0.046087296458118175	0.042389174867257184	0.038092668936543485	0.0

Species	0	0

Site	16	16
CG138-138	0.2672240242047129	-0.28164673000838436	-0.08296996898513154	0.00027947310034466164	-0.04962074617440689	0.14500055727075437	-0.05614726130823952	0.014996485457636904	0.07472857808775922	-0.028814824530251387	0.1142288203015238	0.09397751498709338	-0.15273231279739524	0.24806486542203296	-0.11402435318143482	-0.0
CG139-139	-0.14766778732899552	-0.23442905785090376	-0.10124400999113907	0.17464867040037552	-0.1257710096761219	-0.2831084937524777	0.10914357848600693	-0.05043225014193223	0.051385237627097895	0.2880899025333747	0.014379736537849599	-0.04931654791780712	0.014182147579246919	-0.025505675177339895	-0.023623918049870365	-0.0
CG140-140	0.21792219702621796	-0.17263529562948615	-0.1170281528673895	0.06452818150919015	0.1741818306831981	-0.01889037930204753	-0.36664364976835007	-0.01975203202185021	-0.02001583538037239	-0.022552344814374906	0.011753768865002932	0.023492639663578327	0.14087358923892862	-0.17944378664593794	0.014880840293319679	-0.0
CG141-141	0.3040563212093693	0.16840799528998726	-0.030921171850159242	0.07947551474052325	0.058752423586588824	-0.0805922385992428	0.1165225809121938	-0.04037420145740988	0.05918324563167304	-0.0470365434976382	0.027491849878830115	-0.030915468389029446	0.27336430221325464	0.21135371058485258	0.1354347175722545	-0.0
CG142-142	0.22944185334638836	-0.18432652074026343	0.14237842464438585	-0.20398727022223026	0.07035903974635481	0.07573940746583	0.11204349091224561	0.09505487263080899	0.11788331143630806	0.024851674051826318	-0.21649352561663043	-0.25350287352588624	-0.038657766281520956	-0.0588066657637484	0.045648920451275526	-0.0
CG143-143	0.2726405511089139	0.2208543324871551	-0.030603032791461416	-0.06187251820679032	-0.013162954071091665	-0.08785456060747508	0.1008288764552899	-0.1097293983553223	-0.06908346592592313	-0.03239979505147275	-0.07459185650226739	0.026431552095514167	0.019184274089944272	-0.08558372553658523	-0.32163240540054266	-0.0
CG151-151	-0.2201794702194493	-0.14692519206766003	0.14108426614920233	0.06737715357902493	0.2999413618984422	-0.1147716452907521	0.12130482857052612	-0.007904269088613497	-0.19070059973996584	-0.11350848282748816	-0.14537311633752614	0.17894209248317416	-0.06096887307841709	0.05715056956981674	0.02542089006800972	-0.0
CG152-152	0.28937461120200375	0.16390579567222469	-0.16000969938573437	0.029698037855885137	0.024751637466186825	0.1020996248922614	0.1565899977478137	0.09595079311529484	-0.04208279399024069	0.12139525063956122	0.06955813828873526	0.16119300278929552	-0.16607304711538426	-0.15690919945904788	0.16529985434430022	-0.0
CG153-153	-0.04172284985083054	-0.10577854517072806	-0.025742892378629655	-0.3176456717893747	-0.27933765646852016	-0.1556566443544398	-0.0006751537970631474	-0.08656904994741543	-0.1449580991322639	-0.17744007077542318	0.08418768267505347	0.039388452560592306	0.014419709117927275	-0.04122201801845014	0.11156846073637586	-0.0
CG154-154	-0.10974254684115291	0.139586604800832	0.31283347210350954	-0.12236446510539116	0.12657348717344494	-0.004919608295815527	-0.09172168536434329	-0.26129702581425795	0.17906760598064134	0.12437000328430102	0.16098422290799239	0.027555162313572107	-0.07824996691095365	-0.002736839190195249	0.029732476773389055	-0.0
CG155-155	0.028880621225181386	0.20674064984074844	0.189543373528641	0.04782388460564471	-0.08271932241642622	-0.1179491508988542	-0.21995196593470018	0.2643188470492483	-0.20225256280757414	0.0893280897084587	0.004128816410396157	-0.10417681172038619	-0.09106152247418416	0.10469558434538935	-0.0024309364129581506	-0.0
CG156-156	-0.1445172749660778	0.11970446261164584	-0.1530404547964213	0.24083392441563417	-0.022438780906796817	-0.04700271212946858	-0.028333486167273093	-0.10214881815836285	0.12143316436075102	-0.2609846544966953	-0.017206737339964917	-0.18655036715624831	-0.18848153523021116	-0.02651462171445604	0.04019641530384098	-0.0
CG157-157	-0.28982337672793324	-0.029509559216294997	-0.098273169331744	-0.03154310594082287	0.12926654426391607	0.22266575968809227	0.11750642522336824	0.021456142252253143	-0.20132131304389092	0.02749288538898864	0.23623041031784525	-0.19111053540274117	0.08976033676112843	-0.017288214096977658	-0.06166175800780756	-0.0
CG158-158	-0.2797345255849076	0.12360438750748384	-0.21450204714427198	-0.08879697494164358	-0.08297135399197778	0.19650104797911563	-0.1225734393305019	-0.13226853128958066	-0.0337219708984574	0.13819462203597627	-0.27124239854973126	0.05253242210017036	0.028378549245194663	0.09898302666873993	0.03424474867697035	-0.0
CG159-159	-0.3308284589257621	0.07642349750956116	-0.07952696371052248	-0.12493924848212556	0.03327185676054898	-0.05798958872942072	0.006714747141123292	0.30575120741467426	0.2844329921809571	-0.06692155310181296	0.03571614321660355	0.12177897282354964	0.07843079766271824	-0.026908383590982483	-0.06816454816967367	-0.0
CG160-160	-0.04532388887767878	-0.06397682503591821	0.30802202680686475	0.2464844144817574	-0.2610763578733391	0.22672862466393925	0.04539211622190421	0.01294722835482823	0.016022505613500885	-0.06406415854732848	-0.03375195505371294	0.09028079229555937	0.117631317979724	-0.09932862739711269	-0.010889404997449944	-0.0

Biplot	0	0

Site constraints	0	0
