Eigvals	16
0.9570489620177133	0.5789707239587824	0.40221286570857523	0.2676876760309511	0.2150471831044277	0.1532393971238801	0.14025256647600923	0.11695431346259379	0.09108318804425312	0.08351150387727485	0.062791384436954	0.03576972450742198	0.027131021399574136	0.007767438998584952	0.0017856853174972646	0.0

Proportion explained	16
0.3046710241788122	0.1843119949330302	0.12804214893559293	0.08521682970582072	0.06845903200716486	0.04878287937102655	0.044648596642187045	0.03723173200005915	0.028995808248314395	0.026585406208853146	0.01998927553892298	0.011387085752952848	0.008637004380004263	0.0024727194624986435	0.0005684626347600486	0.0

Species	0	0

Site	16	16
CG138-138	-0.6142558387440658	0.03911492331805032	0.2622549991961607	0.04723491166301973	-0.10861966107169507	-0.05516952608740686	0.10890180017519771	-0.06880563743925737	0.0441704858199625	0.01690674744633906	0.04083421907802392	0.047016261757547397	-0.024567074058378224	0.012399218829805924	-0.003349203212161924	0.0
CG139-139	-0.11661789410135585	0.10638875248073808	-0.21363536075111839	0.19059102201090045	0.07548404053632937	-0.07602537189495877	0.040027343318211665	-0.07105383557196636	-0.11270878107059058	-0.1749954733496447	-0.024119820779935488	-0.005233130455669586	-0.015157621484099007	0.0035384721225170707	0.0041160175613937896	0.0
CG140-140	-0.29538716383045405	-0.010274687170402625	-0.09782564116012128	0.12911197817048894	0.08411006564709343	0.037171976033588884	-0.06241534097798219	0.030780892605082103	0.00920772757759586	0.05266347932763945	0.11892278828677301	-0.03750569798223568	0.07999737585957072	-0.03331698700469339	0.002929782156805263	0.0
CG141-141	-0.08508032667129706	-0.21008210342785463	-0.07865286193106213	0.032254231782985775	0.07327196104231323	0.0473769289545639	-0.04127499004399612	0.0751395876946215	-0.016972775107540434	0.005322846549804313	-0.02389565959432867	-0.0047978172802686765	-0.023451277070838543	0.009363177639652097	-0.035091658032868844	0.0
CG142-142	0.04808019599540443	-0.2932896343903805	0.1536042764231904	-0.09963132224293998	-0.06610253086999353	-0.07781137654403707	-0.03861564781057069	-0.036647660144275715	-0.018578096431499432	-0.055719362870269955	-0.06439872355693974	-0.019959293120133483	0.10557703908660644	0.0247048280506814	0.0014992100084666386	0.0
CG143-143	0.3879004048353261	-0.42684889021168065	0.2038405647661823	0.13185588780069507	0.0383585960161687	-0.03826364385084815	-0.01244289414486266	-0.010552093519445896	-0.014854980571678836	-0.0047972263666438445	0.06959178074858115	0.016266805380096675	-0.056842597821427955	-0.01659367745140853	0.008140602523790228	0.0
CG151-151	0.06677084482937935	-0.06692572039525949	-0.2476910029458715	-0.2097685811600538	-0.025015929239905445	0.019968716724608572	-0.020441433448434135	-0.22773294046451653	-0.04636287836382855	0.08762050232872526	0.03583900404130002	0.019689305322709738	-0.014940704672721747	-0.0005268750439425977	-0.001445825484341169	0.0
CG152-152	-0.16013404642933923	-0.027500689854250377	-0.04256791681882268	0.0063170384155470305	0.08557868696081121	0.0816057531060918	-0.04844687904881134	0.06759703425426632	-0.011848456233653618	0.0712496721593904	-0.0033960342416824766	-0.0647873290082806	-0.03992728325304402	0.05432966319802994	0.01651819374929523	0.0
CG153-153	-0.12600378721943045	0.08816393706514736	0.15328175849945505	-0.056537806700872474	-0.029048494682865484	-0.000940755999686533	-0.04033208656535932	-0.036072329843441414	-0.007102363904935955	0.02197602413970851	-0.12075828304633121	-0.09697924820364026	-0.0377702939147582	-0.04455280790077474	0.0012242767540510155	0.0
CG154-154	0.031125703704152758	0.1641572531313738	0.16424911029849895	-0.24156815829183376	-0.00781285055128672	0.18399786406170546	-0.021755682663803875	0.07402232835773602	-0.0882731150624902	-0.11175986703459528	0.06546621372182256	0.028510042629874173	-0.0035495423795910107	-0.006909916581289357	0.001142530487683988	0.0
CG155-155	-0.09931925901448509	-0.0355577405185014	-0.0753571799217401	0.020379921634348177	0.0800396225914575	0.023227727462613874	-0.015207934696799694	0.08261376822397673	-0.025234137872272994	0.0727802028835538	-0.11870966853269867	0.12316240477274427	0.013107872260778095	-0.01580549355961922	0.010230331227102755	0.0
CG156-156	0.011200902499818768	-0.025924981492012448	-0.14883114287265622	-0.09716194189969896	0.04133256551446771	-0.003658570377034153	-0.03831636103227172	0.004004845376495878	0.24741224380625781	-0.10582771756578349	-0.001713659610283278	0.009417729757921841	-0.0161912473164543	-0.0033539253050553328	0.0036435285382450445	0.0
CG157-157	0.09379969673441403	0.14026110005232362	-0.11340380479793931	-0.12364941729179382	-0.13519857178599887	-0.2618382712107306	-0.022308321842953324	0.15029572693474352	-0.0370879309361756	0.033377279863502286	0.047492597138554825	-0.004784554565186938	-0.01705421820150768	-0.0015551994978695812	-0.00045160991002836295	0.0
CG158-158	0.2783216947579882	0.22759095775016855	-0.0015135678401280456	0.22915099804876368	-0.26803783615894594	0.09870310210534891	-0.13168526145979748	-0.029476608054567765	0.027925194524407095	0.015793738753491583	-0.011670007793134471	0.01713784577076175	0.007739967394140354	0.010354338831291662	-0.002756848262151736	0.0
CG159-159	0.3518588926256546	0.37225731800242423	0.19794118609532876	0.021583641930383556	0.2527427159976575	-0.07062009848144563	0.03824177737524668	-0.05499166020290082	0.03176350176101324	0.0487162491367707	0.003694099912249128	0.005042501516495066	0.02283492373738611	0.012056446903601756	-0.006735558418256583	0.0
CG160-160	0.2277399800282905	-0.0415297943398835	-0.11569341623935753	0.019837596130059424	-0.09108237994560746	0.09227554599762652	0.30607191286698676	0.050878581793451054	0.01854436206542904	0.026692904598011293	-0.01317884577197294	-0.03219582629273853	0.020194681834340745	-0.004131263230925361	0.0003862303129755041	0.0

Biplot	0	0

Site constraints	0	0
