Eigvals	16
0.679172503369733	0.5814151334213341	0.4971342333458514	0.4404090011629537	0.343384580190063	0.3341611849125098	0.2952790996120305	0.2844561812470798	0.2488654943122728	0.21212304212198757	0.1982015757720159	0.17619895121702606	0.14803256456719052	0.11942093912951321	0.08454039061843746	0.0

Proportion explained	16
0.14628527032862573	0.12522955441173442	0.1070765017043428	0.09485859552710775	0.07396074766065626	0.07197414357284304	0.06359942826723108	0.06126830689393312	0.053602517667178405	0.04568865259678043	0.0426901427067712	0.03795105232104964	0.03188436460208476	0.025721778011894878	0.018208943727766453	0.0

Species	0	0

Site	16	16
CG34-34	0.3396284487134125	0.1234447868902076	-0.013508055431723006	0.2369396978733216	-0.1396216638523157	-0.04219352921891022	0.07340812314712829	-0.025971083972541602	-0.09719075707001666	0.02449222586006778	-0.03420495355502595	0.08045035022606271	0.02659020615525997	-0.05344144103432039	0.18815991681399835	0.0
CG35-35	0.05148185159446202	-0.24208382734278017	-0.0307264596833961	-0.1327361286984581	-0.23847544291269376	0.08791625220964822	-0.06511135445247258	0.07608076923231845	0.01804118480512886	-0.16967192575228174	-0.013291001550238973	0.21554054842820392	-0.14858037922808706	0.02925148691730537	-0.02843671686042062	0.0
CG36-36	-0.09693243184402511	0.19341101130402885	0.02685322151789364	0.07832543866009228	0.21661798923887368	0.3149764518445207	0.0454190529317832	0.05198407688083123	0.009857112574129004	-0.07180298604497125	0.20462603777303384	-0.03689967412529982	-0.12717212331051034	0.024327167463756117	0.055189119842693174	0.0
CG37-37	0.33309344305399013	0.3826085759848934	0.1649944501158826	-0.3590818347764118	-0.01816378782572056	-0.03253070394791032	-0.06782089288857611	-0.05062744837050379	-0.024778903235985913	-0.11124368188537342	-0.03403807403449429	-0.09169805732057965	0.014275568817544841	-0.0354407726177867	-0.040953953312577715	0.0
CG38-38	0.16353034010372103	-0.1462799577108265	-0.07308454813257029	0.047687939688933006	0.18327926567133232	0.10942490769794831	0.11274899706334725	0.05258607726663045	-0.13138649015966694	-0.10925869029617045	-0.004346013050588114	0.08886026141504018	0.2413492516903022	0.04869654087065285	-0.07967358657498168	0.0
CG39-39	0.141224580133264	-0.12659148412968482	-0.3177952997121812	-0.0028819796876806605	0.18665600695515303	-0.06479036407811574	-0.15030280927533216	-0.13911419586547435	-0.1768168980979653	0.07999639788235355	-0.09820915589682139	-0.07264917455900485	-0.14047537940347915	0.07713832375770137	-0.01045252205792824	0.0
CG47-47	0.01550147215307426	-0.20338350562364468	-0.031254249496013464	0.0181652328259845	0.03889254172855507	-0.02342772855592433	0.10675801865032322	0.21400512850644146	0.1918223998441669	-0.11158204581542289	-0.18217543576335446	-0.20856723440779712	-0.012754850844601262	0.0003746240335504244	0.05490805423974129	0.0
CG48-48	0.22335985303696954	0.17441051228127	-0.24405692193371842	0.2197112609785671	-0.13489126620494687	-0.06717366972966077	0.007147595120508435	0.06409373015278363	0.2053227869169707	0.10492329146499783	0.12022407312858464	-0.017774082185302353	-0.004455744171667267	0.012125402654975522	-0.13126483359522045	0.0
CG49-49	0.021183758448446482	-0.3006558609290601	0.0055300234665563545	-0.06100571784673905	0.0426447883429334	0.08686751232827515	-0.22903054629039907	-0.11800389277291037	0.11346389484845137	0.05728083598271537	0.09986485781923317	-0.027219059439696557	0.08305615305466048	-0.2019118223505437	0.027079337162455287	0.0
CG50-50	-0.3250039245139175	0.21737815543883915	-0.20229341443976975	-0.13516736753372585	0.03860517964478828	0.05298904347995131	0.1437112223098421	0.07995343215815941	-0.03903620628051797	0.12604848736264715	-0.15107950370551876	0.1063543109139102	-0.015521898140366712	-0.1553967356458876	-0.025220211042624	0.0
CG51-51	-0.3427544329691406	0.05257675146150767	-0.19597017033308148	-0.145107143314283	-0.2227593976337094	-0.057842666226338095	-0.1056538538935951	0.07623489294383236	-0.10162691956010954	-0.0049250733303808905	0.12397137596070808	-0.0964822601035279	0.12490640767065406	0.101908758919447	0.06978608716259546	0.0
CG52-52	-0.2292773690554622	0.17476229460984954	0.16450457788206962	0.1968889458260128	-0.01608720706299731	0.11847334228089942	-0.1845628429312408	-0.1792492154086931	0.13790639160688414	-0.01164668479470915	-0.1928754491846313	0.052586974863262186	0.061709277190347	0.10208347495399771	-0.007174617589819688	0.0
CG53-53	0.03253025361976725	-0.04633907084956443	0.20752942944425076	-0.17111222774135762	0.2044486561649308	-0.2097715349891153	-0.017844297842915233	0.1318683398415321	0.11821340759354206	0.18357627961648468	0.056492387469158786	0.14100484751556375	0.0026491786350973687	0.10172817807532694	0.05269107647159997	0.0
CG54-54	0.03456829659018108	-0.1898797728241663	0.2908785319186896	-0.024722254166059936	-0.18819993072052923	0.17526868313301844	0.16881260139162502	-0.0479098030632179	-0.1169145528245185	0.22022457968040862	-0.009402122587224034	-0.10816751816586548	-0.028272839102683443	0.03816879646498673	-0.05398965676335143	0.0
CG55-55	-0.17548766428624857	-0.0729460891293553	-0.010408349971537634	-0.02714843424445862	0.016060011694964776	-0.21277072950537979	0.2707817081261167	-0.32261122944799053	0.07656967829551715	-0.12018143685645526	0.08293785118339299	0.00279938559083957	-0.025153498037852193	-0.000936814304427194	-0.0005074560579170807	0.0
CG56-56	-0.18664647477849347	0.009567480568486013	0.2588072347886482	0.26124457215626196	0.03099425677138179	-0.23541526672290722	-0.10846072116614307	0.13668042191880228	-0.1834461292560107	-0.08622957307390958	0.03150512599378533	-0.028139618645807815	-0.052149330974619774	-0.08867516815873588	-0.07014003783824169	0.0

Biplot	0	0

Site constraints	0	0
