Eigvals	16
0.6773414137519645	0.5896862067258012	0.4857097357953345	0.4080191840321769	0.3269859758790668	0.32182888296945983	0.30207485810353757	0.27851085768694467	0.2732834843742461	0.23899298956226595	0.23731484810963488	0.20954870064341252	0.19833686748106955	0.17710278644618427	0.1631748781719824	0.0

Proportion explained	16
0.13857480648559936	0.120641747758507	0.09936958124733422	0.08347515495394743	0.06689686679565607	0.06584179598872215	0.06180039217444231	0.05697951937461128	0.05591007015664208	0.048894703036914094	0.04855137820495724	0.04287080348464144	0.040577015478657434	0.036232812377285754	0.0333833524820822	0.0

Species	0	0

Site	16	16
CG34-34	0.19284444778064888	0.22617341432516785	0.0037940210618644687	-0.2558274939047911	-0.06839662184577303	0.17789433367586246	-0.09206496239204691	-0.03425129533290151	-0.17303135689364835	0.0020503778653189137	-0.051965634440516585	0.05407661936998666	0.1030191850798372	0.22586163359364134	0.04786565798827503	-0.0
CG35-35	0.16503914449675003	-0.10056929833755354	0.057333600994267445	0.07305503264883491	-0.03784733477964171	-0.006695136512881349	-0.09726011316164204	0.11992838397821518	-0.18987909903941239	-0.07580741875701054	0.3478587908071889	-0.11287740989390997	-0.07219441067844365	-0.0037441376205236783	-0.05680969724122502	-0.0
CG36-36	-0.06060562945207741	0.09046278349667558	-0.22750315371035848	-0.17703307031336496	-0.18344214486154028	-0.06900035333256413	-0.1229652191793383	0.006400599030264102	0.2527661352193857	0.17011043204644424	0.14276876054147458	0.11145343772919285	-0.015965595143045366	-0.02113290647674463	-0.10144809929052702	-0.0
CG37-37	0.10943501517220683	0.5342113145896557	-0.20680635921730206	0.3308202266106661	0.10448388061536293	-0.08581323994947318	0.018190716360965024	0.05338622802148809	-0.022791943956287666	-0.002216102776688281	-0.0388682379874358	0.00619996841508026	-0.013747585073600584	-0.020899470637131302	0.0039415556239782885	-0.0
CG38-38	0.25397522749063206	-0.14739914660223916	-0.10684279677801227	-0.007901463497859413	-0.04601873432933303	0.004542872570757997	-0.08568870760998035	0.004134566772369637	0.15691612393428206	-0.018287647385257778	-0.06416046236620576	-0.12599041236516356	-0.14857123535310082	-0.0038526565725784437	0.2724450801781859	-0.0
CG39-39	0.27958002836455553	-0.24792022723187032	-0.13218530852564928	0.06979539239977219	0.13412246973599024	-0.0379257245498372	-0.05637679516567907	-0.22637959377614908	0.04779485252655123	-0.03287911461969328	-0.11583055144088	-0.10133812748631923	0.026504407918853987	0.0635534602500694	-0.21035249555987975	-0.0
CG47-47	0.052438428107618035	-0.18454590257024117	0.07403329155034481	0.08212309734593312	-0.0365777721272834	0.057269443372164615	0.14463886428553602	0.23024350912338434	-0.09250059009704868	0.23514551252630983	-0.1489910766539165	0.07765896188482833	-0.16515820213294705	0.056167031630224365	-0.07411121781780976	-0.0
CG48-48	-0.01930128195325639	0.005581742601024871	-0.2372299471489908	-0.3333319079314373	0.17300585275292973	0.011067703621054626	0.16437956662013442	-0.01226609697514931	-0.15727943907439573	-0.040005002084650486	-0.017265875182306486	0.009518892155201613	-0.04235654356890913	-0.21401488499362933	0.0062372652822553975	-0.0
CG49-49	0.23841654722238673	-0.21358695268777067	0.06516712807006154	0.07379118919970516	-0.04337413951110073	-0.18352698942006382	0.01626140053656095	0.11165860914218204	-0.0005806448326172935	-0.0661601264067812	-0.020176770432637364	0.19957843881209616	0.25498707324732567	-0.07759942586252776	0.06531374859387946	-0.0
CG50-50	-0.3552872811977699	-0.07318613390732959	-0.12552176896045558	0.0601849526742106	-0.14503165684717922	-0.038866206894943994	0.07557374516321977	0.013288264162809274	-0.07278583724357454	0.12533339620362144	-0.03064346608733856	-0.25543610325511673	0.19958709675766895	0.014049356764833916	0.03994146911248955	-0.0
CG51-51	-0.3196988092182593	-0.13716231463152878	-0.06490690012957531	0.20696849658659658	-0.0901400915835486	0.1210363684902779	-0.141503876957597	-0.23229924968345242	-0.14578371017492917	-0.03356362665884904	-0.009178117674249925	0.18545601241375104	-0.07877561464410193	-0.04951439872753613	0.05498664532400716	-0.0
CG52-52	-0.28943772199869844	0.03843635571655943	0.08278477922255868	-0.11503086024647194	-0.07539737364261011	-0.27944007517355823	-0.005185756091562102	0.0810619174904089	0.01391648490457672	-0.2592044759984234	-0.10667455788378012	-0.0032152085422672287	-0.11533467998985224	0.11133932506419136	-0.0480911417502252	-0.0
CG53-53	0.028158129182800647	0.07058732211516222	0.2523520812848859	-0.0022320893249308184	0.03560713436287553	-0.11433679959843376	0.3120334288540333	-0.25157443795502127	0.05858416125032502	0.08532484359314861	0.14977222913384364	0.02953663802396336	-0.03263003555747557	0.07331130153444836	0.06421751404019632	-0.0
CG54-54	0.10149346850415869	0.1773660313663816	0.3197359433942785	-0.0025746506215661	-0.2254164263022944	0.1973545115156626	0.0162645746791202	-0.025589950320677096	0.08407329249357484	-0.08494309504907249	-0.09728796262260409	-0.0807280120841116	0.008767578262774314	-0.19129982600085557	-0.08544422455586438	-0.0
CG55-55	-0.199584671430473	-0.08677514273320742	-0.06424570203596666	0.06383666774387427	0.18548500439061497	0.3004684210557685	0.12161968082437707	0.13284883553397317	0.21110468383222208	-0.14922007499033818	0.08101671550673663	0.03671903629982681	0.06171675691212327	0.08381108628206814	-0.005065091584922413	-0.0
CG56-56	-0.1774650410712233	0.04832615449111313	0.31004109092804877	-0.06664351936917119	0.31893795397252983	-0.05402912886979448	-0.2679165467661003	0.02940971078825663	0.029476887150996466	0.14432212249192186	-0.02037378321737014	-0.030612731477038954	0.03015180396289364	-0.04603548822794978	0.026373031657185315	-0.0

Biplot	0	0

Site constraints	0	0
