Eigvals	16
0.3535529840186726	0.23473036619796628	0.1937770661135339	0.12675373209607602	0.12169016100900093	0.08266564605507647	0.06088420173526092	0.04975254928105865	0.04437931260280639	0.04037325939493426	0.03510927670698963	0.024331727459753958	0.018383757538397445	0.013519601933045883	0.009961119594232763	0.0

Proportion explained	16
0.25077084952682427	0.16649140582023125	0.13744372607399646	0.08990488700485616	0.08631335735995795	0.058633741546416845	0.04318442689514272	0.03528888062977664	0.031477708931554334	0.028636263910304854	0.02490258474418402	0.01725819959481774	0.013039376568111806	0.0095892899091904	0.007065301484634386	0.0

Species	0	0

Site	16	16
CG34-34	0.012355343987070886	-0.09191470963069186	-0.12986112961675916	-0.0136642069628438	-0.006429987715924274	-0.0006169818924107919	0.17470571766925547	0.06850894444130208	-0.032978926113826114	0.015672672769891188	-0.0016216402614989828	-0.03860931702358389	0.009822667824302843	0.03878271459718714	-0.009009763869922536	-0.0
CG35-35	-0.017700537264750037	0.1256905880899866	-0.0321817691133773	-0.062264020853704465	0.08400650894218555	-0.03186599124849901	0.08774402224977641	-0.03711730001827164	0.04461713825881659	0.09105600277189008	-0.01986532869478597	0.06965724080998796	-0.00863863793439924	-0.03734192484504766	0.020180602777106427	-0.0
CG36-36	-0.07167981969332367	-0.11884348016733569	0.006625042688219781	0.06406123376551495	0.0055796108697822675	0.1236908298906182	-0.02026401779513887	0.12098552046116	-0.021830714239525508	-0.01865472124984302	0.0013169301665505698	0.028550267167769566	-0.04731070378381997	-0.04396693525090779	0.01617511223363723	-0.0
CG37-37	0.06515451407385832	-0.14476300862132743	-0.20837919324127552	-0.07523051288319059	-0.20093774109341395	0.005526140464600261	-0.04121504476557552	-0.08093041622600408	-0.025011631123108075	0.012150288671128774	0.027374230544446623	0.013126685713956936	-0.009375029217796964	-0.012517564474864533	0.011477544460379933	-0.0
CG38-38	0.03413471682745007	0.02989963075564176	-0.15806932404671073	-0.008083482878867567	0.18238442739059874	0.07937728217483006	-0.09202618468373741	-0.03201690250916706	-0.06960834927241183	0.023543227681114335	-0.05782268122301596	-0.0019511746147784469	0.00851253822064338	0.026805425463517496	-0.01273575992863747	-0.0
CG39-39	0.018706459827304154	0.031650120248319355	-0.13430155891677173	0.07498488705201954	0.12038273610422653	-0.02431734676996245	0.016432537858580364	-0.032564730456656775	0.05118374196781755	-0.10026152386645376	0.08894005046081008	-0.01417690505171062	0.022394146982926952	-0.03070265347586417	-0.0064850582482375504	-0.0
CG47-47	0.008027230895952291	0.14209694797070194	-0.06658041196225808	-0.18027436546681044	-0.03268722780977314	-0.0679690039211938	-0.06296487665262711	0.08945194024388867	0.07944782637417502	-0.04103876990062882	-0.037040074458139415	-0.02309058582666429	-0.022328157624508373	0.009951407351734443	-0.004508037163144676	-0.0
CG48-48	0.5075804469755363	-0.1124632629982038	0.15976572176258388	-0.020457879995817527	0.03934604988428533	-0.015607651981983679	-0.005262697009420329	0.002569622965582118	0.007293429623262285	0.005860403813755088	0.002844561609697206	-0.003883700186815791	-0.0014386469917031257	-0.0028634425367530213	-0.00023076088189838073	-0.0
CG49-49	0.1272461261047942	0.3212891429375495	0.00171441978682082	0.1611324780862178	-0.14372254647395202	0.0640487831038937	0.013088857848827917	-0.00020746999633832074	-0.01328578360460776	-0.0070408209670025914	-0.019648833432609075	0.0006112839911381986	0.009540875425685106	0.006452118085268593	-0.0025529270506017584	-0.0
CG50-50	-0.10151643799197903	-0.06701506219810584	0.10023383737314548	-0.024578772600793004	-0.020582463241338743	0.09418442914112723	-0.003670585571420247	-0.019996494772046885	0.07590344409159251	-0.013331641805832475	0.03790517961741008	0.07232759934678319	0.009468074171874993	0.057884522511712486	-0.026538215119956306	-0.0
CG51-51	-0.11539435639686779	0.021776474135085856	0.10461330838951606	-0.014525532127350069	0.020950943887053472	0.07864313970618217	-0.011458995092572652	-0.052175533485834966	0.04321996726964789	0.059429518561961936	0.04068961568298875	-0.09845365966232972	-0.028469517045647628	0.007209564822237218	0.028465265258198126	-0.0
CG52-52	-0.11572082829676504	-0.09129001232923971	0.08455606505537608	-0.02592857028256108	-0.046249285873243715	0.02962053047059834	-0.0030884751270448796	-0.002315150810459275	0.020417557481425652	0.004282048481209452	-0.06745550191190121	-0.02794160931363379	0.08722857278793239	-0.045902516185145445	-0.022800111795254298	-0.0
CG53-53	-0.07291559985669073	-0.08309216528576548	0.005896505374665483	0.12694198038255192	0.0032060045233950492	-0.11848653890507457	-0.053844639063531555	0.03299354700646498	0.01173847929951509	0.009872485263924218	-0.012818348879363412	0.016487247630654928	0.03843592903557432	0.03352810452458806	0.05831971225563738	-0.0
CG54-54	-0.08952151399370913	-0.08167298045169173	0.020712188324049734	0.1424484276780384	-0.009439287884151997	-0.12301932520177279	-0.014534837850335953	-0.028515050236328148	0.01456891363488308	0.029677476171182087	-0.03175996342233782	-0.010532916971397965	-0.05984866090551089	-0.005507619327562113	-0.051235081257532	-0.0
CG55-55	-0.10265352589092303	0.017320758948896002	0.1419714583697516	-0.06950934175064598	0.0068947265009508514	-0.024102882830389027	0.054292048840077434	-0.0733273148097963	-0.07613049988137922	-0.11217198255827117	-0.04943349391471006	0.008541890257847249	-0.027668806333014627	0.004362926609375525	0.020568804023330018	-0.0
CG56-56	-0.08610221930695831	0.1013310185961803	0.1032848397730239	-0.07505232116175754	-0.002702468010679442	-0.06910541220056393	-0.03793283085511318	0.04465678820250577	-0.1095445937662768	0.04095533616197452	0.09839529811645845	0.009337653732778329	0.019675355387459136	-0.006174127869478596	-0.019091325693104965	-0.0

Biplot	0	0

Site constraints	0	0
