Eigvals	16
0.3057141804449322	0.07040958271258521	0.04819776056169706	0.023138850382401155	0.015741780717297087	0.013189745816732075	0.006006785287416388	0.0033476300761597164	0.0022702222045527538	0.0008836075030526757	0.0	0.0	0.0	0.0	0.0	0.0

Proportion explained	16
0.6253100620433373	0.1440162849834923	0.09858405849320265	0.0473283769407518	0.03219835554464489	0.026978404348116995	0.012286323373318066	0.006847267495328494	0.004643529408792842	0.0018073373690146934	0.0	0.0	0.0	0.0	0.0	0.0

Species	0	0

Site	16	16
CG34-34	0.11274288207178533	-0.07413683983387474	0.06791528745602636	0.006282876980827417	0.06850417969408118	-0.00779983659939	0.002038503919896052	0.004277873835218875	-0.001534215386206432	0.0016857707947049842	0.0	0.0	0.0	0.0	0.0	0.0
CG35-35	-0.1154754249886287	0.03611280242303933	0.028704244206701292	0.0065533344999794615	0.027437669411496793	-0.0030694409312116604	0.012290925765962203	0.0030024964418736673	-0.01919882153484086	0.017772529483127554	0.0	0.0	0.0	0.0	0.0	0.0
CG36-36	0.14292842527537375	0.009678582388003452	0.04464340832812967	-0.026478550379745846	-0.012342916272865843	-0.040134876085983866	0.011472409395911327	-0.007104257106595738	0.025728270562158345	-0.0017646230054770527	0.0	0.0	0.0	0.0	0.0	0.0
CG37-37	0.2114209551809094	-0.02120563671573249	0.09780023657366045	0.07054081214253209	-0.049062098991292324	0.016387137503951172	-0.010975656509435062	-0.002438002482067783	-0.010513875915578513	0.0005805326652806809	0.0	0.0	0.0	0.0	0.0	0.0
CG38-38	-0.11094435008885574	0.021427369519493478	0.04851499873297423	0.004721031001624441	0.0023913837969999105	-0.012306938039911211	0.04203331096777205	-0.00029186314552244084	0.013086324118103622	0.0018539518925093474	0.0	0.0	0.0	0.0	0.0	0.0
CG39-39	-0.28641860516768913	-0.0757328364990567	0.027745212864643563	-0.0017277006922051005	-0.05411325322443126	-0.010410975368890001	-0.013327362056158068	0.0058346695558579445	-0.0036283821891973283	-0.0005528665323284279	0.0	0.0	0.0	0.0	0.0	0.0
CG47-47	-0.09758047150167265	0.040220643040526464	0.007154813135587535	0.02686322278228429	0.03290184206977779	0.03911208424832923	0.010225969197331961	0.017043592059153703	-0.003994285204362039	-0.019216230544595345	0.0	0.0	0.0	0.0	0.0	0.0
CG48-48	0.04535828656327767	-0.1948850546797522	-0.042700985424843185	-0.0414506281760112	0.004982072437284388	0.03213598241060662	-0.0041368161501192215	0.006342736001985481	0.005935522593539353	0.0015778353070149433	0.0	0.0	0.0	0.0	0.0	0.0
CG49-49	-0.22967296746559876	0.013182427330672758	0.03204237225549167	-0.017594021189243785	0.024500149370203443	-0.015873793782693213	-0.027135947694818335	-0.031792642046891625	-0.0008308946196221396	-0.006148298686630063	0.0	0.0	0.0	0.0	0.0	0.0
CG50-50	0.07563784639695852	-0.027944264431358827	-0.09233858312276148	0.01822026482169173	-0.009740922456853398	-0.04745928151328429	0.028448905365317915	-0.0005414367519059346	-0.017379852189103658	-0.007190045169336567	0.0	0.0	0.0	0.0	0.0	0.0
CG51-51	-0.04600892267349102	0.010774635210233795	-0.09811076346742749	0.02605922279874647	0.004914010230990634	-0.03045584943335494	-0.014933432558544613	0.010532074351416535	0.004069088357609949	0.005957558164914018	0.0	0.0	0.0	0.0	0.0	0.0
CG52-52	0.18186311293066443	0.050972388915338646	-0.013492268679501379	-0.008151453334303293	0.01762907705571983	-0.029994349308886472	-0.03713828485268445	0.0025053969922858646	-0.0038644065102604814	-0.003171833713049297	0.0	0.0	0.0	0.0	0.0	0.0
CG53-53	-0.03425544695314961	0.07684982380009721	0.0115637831528568	-0.02891573433953738	-0.035346399036755294	0.0011015588250680353	-0.00885415348089039	0.03004523811089222	0.007153761896095076	0.0006830492296918213	0.0	0.0	0.0	0.0	0.0	0.0
CG54-54	0.11457584205963664	0.05996470251152331	-0.005823854690543514	-0.10061898161816474	-0.0204263607945663	0.030302767021886775	0.010892655726109868	-0.010874088943580466	-0.016112604802731707	-0.00030044856178316484	0.0	0.0	0.0	0.0	0.0	0.0
CG55-55	0.0204663524654448	0.011756778571337943	-0.06735196111835856	0.04714659884493829	-0.02343257511504149	0.03258755553055588	0.00924404228982716	-0.027370458383409773	0.007086905940728861	0.0012481293074483233	0.0	0.0	0.0	0.0	0.0	0.0
CG56-56	0.015362485895035156	0.06296447844950862	-0.04626594020263616	0.01854970585658649	0.021204141825251443	0.04587825552320752	-0.010145069325478002	0.0008286715112895144	0.013997464883667224	0.006984989368508199	0.0	0.0	0.0	0.0	0.0	0.0

Biplot	0	0

Site constraints	0	0
