Eigvals	13
0.2941313120109624	0.25414946378919584	0.2362535665396141	0.19404814193546235	0.18097194772215655	0.1608566333003945	0.15240681311887946	0.12547276527893234	0.1125193075277379	0.0924436416138934	0.08366531497551852	0.06446781631231813	0.0

Proportion explained	13
0.15072938048343068	0.1302404390924345	0.12106957765921157	0.09944115102170066	0.09274017573492416	0.08243196046776279	0.07810179870277298	0.06429928200684566	0.05766120376686875	0.047373306618831254	0.04287479972122448	0.03303692472399251	0.0

Species	0	0

Site	13	13
CG01-1	-0.14094557041450476	0.035528350008243476	0.10655749662408526	0.19336614558342605	-0.14192490866507732	-0.12987998859597813	0.06219248261756329	-0.1056348299128717	-0.11121243765600285	0.009143768867306239	0.09053713471037812	0.06743602580731127	-0.0
CG02-2	-0.09287054113602002	0.03180515187847234	-0.051781729466514846	-0.13038780045421156	-0.12575860477067394	0.10870312252326912	-0.16958736881211475	0.09631671788977793	-0.13134071549138143	0.08149884686949879	-0.05374755254758895	0.08330005856499287	-0.0
CG03-3	0.046676426818486716	0.09013493679381039	0.20549484995208595	-0.02296656170709846	0.17663838139270793	-0.08309353087082895	-0.07640678540904408	0.11923066960161703	-0.02698323997218422	0.10329132172081193	0.1010911999733965	-0.07671055385557803	-0.0
CG04-4	0.16493671986728692	-0.037552120753902817	0.007637605435119665	0.07934102170761194	-0.24209161562354697	-0.08206922707539237	-0.08869060461144614	0.061469900457676155	0.18659048909638076	0.02955452792777705	-0.022387936159653593	-0.03594153176680592	-0.0
CG05-5	-0.04087137479815228	-0.13699590487188665	0.09812155837552482	-0.033220853489364495	-0.05043151840732829	0.24334648417576413	-0.028990092638791105	-0.1541262141944567	0.006277132241245297	-0.003451369500084685	0.06240502614337271	-0.10562463672523546	-0.0
CG06-6	0.21080222183245306	0.003995784733747812	0.14804852567161902	-0.1566669607974241	0.04461425217157533	0.01810944531564407	0.012238136771095814	-0.027463736297272074	0.05198367122583491	-0.13045952359365473	0.05048370301855979	0.13768434062022022	-0.0
CG07-7	-0.1953255294424976	0.1546510843005229	-0.059792414444913664	-0.2535489472252594	-0.056361517199881674	-0.14510922826056044	0.06836109166592914	-0.05425881403381875	0.026648052819979874	-0.05756247849724299	-0.030125041912614094	-0.07917983327609542	-0.0
CG08-8	0.22004069295701636	0.053584135203132766	0.014242599484224438	0.0009941788370338245	-0.02741189610035132	0.06490197262802727	0.26471079177632556	0.02503297554639826	-0.07250120006055086	0.0911193530870619	-0.09557825174046869	-0.018802998996166692	-0.0
CG09-9	-0.21413125213144754	0.04228015504375596	0.046221712706387766	0.0778574162532203	0.1564574763672415	0.04540829806042171	0.008198833561511878	-0.0655998792665408	0.1641631961410802	0.08939695767140085	-0.10085283756411174	0.07596767305579473	-0.0
CG10-10	-0.02093686535279456	-0.421519849041004	-0.07825002804630436	-0.04255646421399946	0.08445234979802005	-0.136307527262358	0.015956972470473403	0.01608440861076304	-0.04337560230744465	0.007266786365064298	-0.030613271259983487	0.0023029189569621286	-0.0
CG11-11	-0.13381226881260525	0.012895637585882141	0.04557699236204638	0.15096667040617506	0.023300454942035597	0.07834306333309808	0.027641229436261103	0.17796563612619773	-0.02419324888953699	-0.18568876764335215	-0.05364520678585076	-0.03944039753506426	-0.0
CG12-12	-0.00200560877462317	0.05036316601277403	-0.33609406239058426	0.03050262732556126	0.04743974452864062	0.06705645729709103	0.06327737030751561	0.05236005725777828	0.05365250858290374	0.017737256419026765	0.15951550798479053	0.0234537197210916	-0.0
CG13-13	0.19844294938740345	0.12082947310645227	-0.14598310626277605	0.10631952777432956	0.11107740156663828	-0.04940934126819719	-0.15890205713528044	-0.14137689178524837	-0.0797086057303238	-0.05184667969361339	-0.07708247386022526	-0.034444784571426065	-0.0

Biplot	0	0

Site constraints	0	0
