Eigvals	16
1.1263746153316003	0.5095920908032232	0.38986633777289464	0.3743122384655237	0.28524281746500324	0.26609927757849233	0.21810591903315443	0.20587883431051032	0.19738404780317137	0.18371573243132877	0.16919547743811522	0.1628498589776031	0.14217581855028555	0.09697302391252755	0.07231591012656537	0.0

Proportion explained	16
0.25598946004451745	0.11581422591743137	0.0886043345948768	0.0850693779037581	0.06482670492618167	0.060475981488184165	0.04956860327447408	0.046789772170271	0.04485917485246216	0.041752797432258945	0.03845280097918976	0.03701064184203911	0.03231208385441125	0.022038912891288745	0.016435127828655326	0.0

Species	0	0

Site	16	16
CG40-40	-0.06189020433358276	-0.31936033882292436	-0.20434051042120333	-0.10936240299126572	0.04432420412484568	0.006050425264873382	0.029277867168093503	-0.0011716176038271263	-0.11352825287271545	0.09083752866972458	0.04129386963360143	0.07097498128226985	0.0523109623828902	-0.17830653528832613	0.07868523388719369	-0.0
CG41-41	-0.3307165431418465	-0.17643253904052988	0.04696237344897618	0.037168092730778	-0.04840346485862914	-0.08819698220726145	-0.11905619593944666	0.016571847425841526	0.0916471726834431	-0.10179619914685967	0.08738991349745787	0.07187101416742903	-0.01815473136606378	0.1291972803783717	0.15115268609933166	-0.0
CG42-42	0.21748394824072714	0.00027310462798281997	0.062595466673997	0.10711273195864982	-0.2496002592682425	0.15334644213630416	0.061800075493973455	0.22371129080572935	0.07663930094694044	0.14228191689909475	-0.0888588883481774	-0.08345170820599745	0.00618796702033377	-0.0006433127684268601	0.06463519098595061	-0.0
CG43-43	0.22072472536426482	0.3450811134855297	-0.10464075316940302	0.13262867724935348	0.12466140803164644	-0.03671329545174329	0.11657210590568344	0.14030423790840735	-0.1652647671769729	-0.07814051265541783	0.16301100690152096	0.022404294229424946	-0.023646985405356747	0.016878711605652096	0.046114993512681904	-0.0
CG44-44	-0.033524125399352823	-0.04122946351934197	-0.14543405331507578	0.10960169407989777	0.22927746378812794	-0.02631070202558464	-0.1578428121022975	0.03465193943791846	-0.054448103181209066	0.1497599917832931	-0.1587644131626299	-0.017940469959312314	-0.16900381432089118	0.06490241216831887	-0.023258335611968724	-0.0
CG45-45	0.20483397627835115	0.03280725285650493	0.3028980236508692	0.04832256530208653	0.11717814636950467	-0.15090973046014414	-0.12389861150646388	-0.0011834096603473294	0.10732478142139897	0.17130139411925296	0.1507820742508834	0.003462480046665135	0.08392887962617544	-0.05205533107685566	-0.04028676954761639	-0.0
CG46-46	-0.2921103590809087	-0.0825960950593586	-0.11628594267221931	0.2882067356239634	-0.05151637309201787	0.06079631266760935	0.05793265708648861	-0.01762725040383184	-0.02347706668504933	0.021418805274654427	-0.006585309365609563	0.12151389937855751	0.1785710047020293	0.06733060713132917	-0.11548519573447626	-0.0
CG57-57	-0.3246718150182522	0.12657338449260075	-0.01719639512135997	-0.07313615828589401	0.009528035836967905	0.17908215408535558	-0.12305824987680065	-0.10589855191110596	-0.09155270834094696	-0.002813241942431511	0.06214193254086553	-0.26484630724587543	0.087763653295432	0.008822231205773955	0.0109293228880968	-0.0
CG58-58	-0.4523667706756996	0.06047888734858538	0.23115053058103477	-0.18758519342796326	-0.1458637778908948	-0.03987211697568193	-0.016836779189272857	0.12638426220770216	-0.14799763054913195	-0.029155956047705857	-0.00972925769735262	0.07839934996923953	-0.11113791596316823	-0.040546809263527585	-0.08521478776592989	-0.0
CG60-60	0.28319265471777066	0.12080426069629815	-0.17158572297056332	-0.09035589315580449	-0.21706943401315879	0.09598243581542881	-0.05236506023149769	-0.20304208048626196	0.052629473447340584	0.07281529192621883	0.12112633374435271	0.10187670287349494	-0.12665669760947135	0.02609990090922194	-0.032393233891327346	-0.0
CG61-61	0.3534758791220519	-0.03347022327364159	0.034309796085386327	-0.3103812536316905	0.15595343215320215	0.19306874828503096	-0.056797000932895365	0.08537853097206076	0.03520500513219506	-0.10361157174101826	-0.0690135212455376	0.09985652489430766	0.10568557876224063	0.06804875326287631	-0.02410526179601265	-0.0
CG62-62	0.18325916929785527	0.17433533299050394	-0.1510807602089469	-0.0022055437163232424	-0.14625783724504104	-0.26803469345696784	-0.1432577454982784	-0.012752423932464445	0.015701405019790098	-0.1286440269640863	-0.15876983148235627	-0.031130394116816677	0.09249478976553296	-0.06463227026751736	-0.0027047335805748234	-0.0
CG63-63	-0.28529914757185143	0.056820005647639844	-0.11473582167190778	0.019679116915550996	0.1173086504528969	0.054469054434030155	0.0940943280225808	0.05205612313901735	0.29392581294040376	-0.11136758573515274	0.026292131692930223	-0.04494084229006483	-0.08527693311843214	-0.10302858871314445	-0.045520912526111415	-0.0
CG64-64	0.27430133212270613	-0.15857984500912964	0.26151227838488716	0.25334082033526134	0.018888951772369735	0.11646414326049181	0.009994349799757045	-0.15373794676387598	-0.07612835538376472	-0.17010369821425433	-0.0680458410268171	-0.0017245669652049354	-0.07573520015958779	-0.06976623217149333	0.012627194635111055	-0.0
CG65-65	-0.18131625910461396	0.21933792324203255	0.1210600469906672	-0.10898591266052754	0.07059360450634014	-0.06681327116319864	0.2393089372627745	-0.1792419177656418	0.023606200900208846	0.10477817406349227	-0.14417352927713534	0.04283371495534555	0.034395922444495595	0.03302534202136803	0.07386283151169058	-0.0
CG66-66	0.22462353918238157	-0.324842760662751	-0.035188556265139156	-0.11404807632607289	-0.029002750667915904	-0.1824089242085423	0.1841321345376023	-0.0044030333693198965	-0.02428226830193135	-0.02756031028880326	0.05190332934400357	-0.16915867301346255	-0.03172648005615966	0.09467384086637957	-0.06903822306604118	-0.0

Biplot	0	0

Site constraints	0	0
