Eigvals	16
0.7553784243606584	0.6110641004546234	0.4427350117950068	0.41705850301766595	0.36058798118031715	0.3216020030860311	0.3079871814885122	0.27244564936398374	0.26017807184864844	0.2504006346618834	0.22254733178641725	0.20612053248784992	0.19374309491377487	0.16783554945565776	0.14455474306306237	0.0

Proportion explained	16
0.15308914971362886	0.12384161440446077	0.0897271146730426	0.08452337205931279	0.0730787452429172	0.06517763231099845	0.06241837761871487	0.05521533506812986	0.052729120277896405	0.0507475710344597	0.04510266734591404	0.04177352177326604	0.03926504213876702	0.034014476359492556	0.029296259978998773	0.0

Species	0	0

Site	16	16
CG40-40	0.10356585089833202	-0.3963286257334086	0.040636686857949064	0.030842823100440155	0.012834670579500928	-0.038918296133332725	0.056150345619479236	-0.10725715748274625	-0.08369004128755883	0.018362167816033958	-0.022475904978830008	0.06298057666910657	0.007627516849285482	0.013413170772841154	0.2823391128521548	-0.0
CG41-41	0.1386953131119094	-0.3048641868593886	0.1470560921572833	0.00695494902331509	-0.2200077535042473	0.1471178034173036	0.10141788749740156	0.2457393121616146	0.09076790231855587	0.027087709600032962	-0.006362681980414095	-0.18068624323930313	0.007305808490619998	-0.0843566363616474	-0.05178279850072845	-0.0
CG42-42	-0.0556587245273701	-0.02949270962823532	-0.01564513173232985	-0.09080189488043891	0.18189834402131053	-0.10520316705251133	-0.10438179562589443	-0.03005966627130941	0.17575057219756704	0.07190738472388314	-0.3074440079063523	-0.08623247725232172	0.1663637918281387	0.01307353587025206	-0.019912226631483065	-0.0
CG43-43	-0.19054032627880108	0.2183676875189157	-0.1476763740830314	-0.03916988791944804	-0.09755441117209918	-0.03407664286612985	0.036815154799346335	0.02503809324135253	-0.23591015434827634	-0.2378722305855715	-0.030720417376415284	-0.13714779021453852	0.13670138422873596	-0.10751333595997287	0.05517857965210483	-0.0
CG44-44	-0.025421775326583466	8.160477507643242e-07	-0.11715386953677438	-0.09182870838428107	-0.30568080803747627	-0.0328172373037032	-0.10290157715246408	-0.28288725094589606	0.2376552119202916	-0.07355980596042802	0.07798272594222057	0.0029675720309018084	-0.046406811796413705	-0.05141378508655064	-0.016600771939720208	-0.0
CG45-45	-0.17624947632255436	0.14006112002885354	0.08177403190099011	-0.2518295001698087	-0.26426583156022726	-0.05588688899765904	0.024371657107040395	0.11477521687065002	-0.11477317477685031	0.1702605160161135	-0.09923116771717821	0.20022423705629497	-0.019526893500403552	0.07738156253411867	-0.009733281943655267	-0.0
CG46-46	0.3535385501854033	-0.12925466446146647	-0.24947272201265477	-0.15228244895849857	0.10683091363269898	0.1563688208667697	0.06160589913913055	0.05430039597557074	0.0025471019290565907	-0.19378613531848973	-0.004583617446852956	0.17660787530967173	0.04818772120833627	0.08519508790549726	-0.09394034986801277	-0.0
CG57-57	0.2663053015940475	0.22841516975139994	-0.21002710012026604	0.1510314985188577	0.008613172905550514	-0.16353908344295587	0.328817211717672	-0.040947335928104255	0.02745002276145685	0.1838836378907067	0.03514820785183332	-0.06013879317889045	-0.009116755128634987	0.012738025176487717	-0.011422496186982978	-0.0
CG58-58	0.4461178232827221	0.22137846521660115	0.3859153975064273	0.03468899517298135	0.02800049919823273	-0.19890313232960896	-0.12352897486879424	0.023673729510952153	-0.010346860791179437	-0.12846694841009634	0.03178763104130082	0.028077756006620113	-0.01888777301892894	-0.0135451531999936	-0.004477006495066203	-0.0
CG60-60	-0.23119301505899487	0.003984948871754683	0.003759855482485763	0.2378764367777282	0.09641421371181742	0.017927250404595467	0.06741378741998569	0.03705987153524829	0.045398900343902863	-0.080880328003157	-0.1437562103864527	0.15981964203824334	-0.20038748608871637	-0.19160704169154977	-0.03314261657174277	-0.0
CG61-61	-0.33808849458287343	0.062079080347008535	0.09063150327363305	0.12173614629263783	0.08610152140476052	-0.0022523406433859515	0.04304095755924379	0.11802088853610793	0.18127009978774236	-0.015936890210400543	0.22664924100636627	0.11118949459847086	0.20159890152807056	0.03827818418621914	0.04068845429904822	-0.0
CG62-62	-0.2058031739981437	0.027057605931667998	0.046169008230277746	0.1434477653294995	-0.010435087108083269	0.039031305374803274	0.017513446265832094	-0.008224384063183801	0.004105579342692702	-0.12426533053035681	-0.04915537273714699	-0.1312140958347821	-0.15616291857430542	0.30042296264522417	-0.0026706010066607517	-0.0
CG63-63	0.14102180567013656	0.09915565350085251	-0.24377090531834505	0.22717516570356244	-0.030699319832549494	0.1105310775576087	-0.35917258370086497	0.11566919281642608	-0.05838338580535954	0.1529490189268324	0.03729682864781711	-0.005185042038435652	-0.014654341295688397	-0.0004335657426358103	0.04582573287627684	-0.0
CG64-64	-0.13253092539131556	-0.08720919296264738	-0.08980919102783037	-0.3333066702172015	0.23490626909713555	-0.151800412746184	-0.06030417982000109	0.0915032078514815	-0.006286110386760222	0.04208471870157954	0.1647085505537085	-0.10188715848064107	-0.17404312942850866	-0.048633556377067275	0.0029098357981120235	-0.0
CG65-65	0.014019852643127658	0.24857268118728507	0.1904310593662513	-0.12479422909550654	0.14108467133640165	0.38571208000369583	0.054047077409423716	-0.17663803827441812	-0.03603309508973613	0.10382186175405259	0.019532814539014516	-0.044800731135715796	-0.007494531771147915	-0.042139771494843624	0.02607640678908376	-0.0
CG66-66	-0.10777858589904168	-0.3019238487569427	0.08718165905593432	0.13025955970616024	0.03195893532727297	-0.07329113610930606	-0.040904313366535695	-0.17976607553374663	-0.21952256811554474	0.08441065358926564	0.07062338094738303	0.005425177665317311	0.07889551646956161	-0.0008596831763798871	-0.20933597312272956	-0.0

Biplot	0	0

Site constraints	0	0
