Eigvals	16
0.5543366799178122	0.32440858459916794	0.20759727676049441	0.13735478162494313	0.0902849948651435	0.08009839768666482	0.07780010961166584	0.05663941829637672	0.048489170092061884	0.02846624468643886	0.018557518783791326	0.01744107959371945	0.007455109207642775	0.006913263623472324	0.0036559795963724186	0.0

Proportion explained	16
0.3340386529579356	0.19548590330259782	0.12509638492097022	0.08276884408610666	0.05440498375741273	0.04826662538605504	0.04688169618960394	0.03413044035774042	0.0292191688686414	0.017153521270212246	0.011182605808618538	0.010509848878270089	0.004492386536183235	0.004165874913184847	0.002203062766467131	0.0

Species	0	0

Site	16	16
CG40-40	-0.010444633538178366	-0.17406216323380327	0.24899354784983077	0.03500650284193321	-0.07717492643638132	0.018509115073339955	0.0585514635152554	-0.012814120536139001	0.020431032595473825	-0.02676333371963402	0.04444431467083531	-0.02956401317979434	0.008220077883805165	-0.013550749615771346	0.02657579288774901	-0.0
CG41-41	-0.07935509997751235	-0.03792168257495777	0.09335756975563997	-0.0500544512454361	-0.07108911987668183	-0.035006617386570106	0.06375978970348907	0.12749674778384126	-0.03099716207754751	-0.0030588773268305698	-0.06506151462938357	0.059110841294924374	0.0034851286240602957	0.001353725690158388	0.001325630978659649	-0.0
CG42-42	-0.0754251925817951	-0.03765931035649508	0.04075556682453918	0.05129346227922403	0.14264578890874555	-0.017361869997627635	0.017866161303889135	0.010921138481227813	-0.02627668566438231	-0.11505669639152843	-0.006358079825637381	-0.01893965425647065	0.015966806078804078	0.005304173475570924	-0.020951677851305365	-0.0
CG43-43	-0.03398904301115247	0.3455071601429518	-0.006365447989927953	-0.03150497855323534	-0.05482937518721569	0.02244704400117683	0.07165421992686773	0.006468698700467992	0.019510441513216747	0.023462672380539135	0.03448978975056893	-0.008243038559052734	0.047012263457312825	0.01593245735568622	-0.009623358791588068	-0.0
CG44-44	-0.12074647197918127	0.0017796220837594794	-0.0773417040265814	-0.04454597498195045	-0.07171352756405568	-0.14934557126429537	-0.13749741141534272	0.02340152934493053	-0.06377675055084056	0.0013999550734815009	-0.002728564279231301	-0.05336752635455452	0.009251488682055097	0.0026929805977727707	0.008476934014381281	-0.0
CG45-45	0.004516749845795252	0.3739782010598183	0.08329177227669526	0.10400997020627487	0.009581775270550819	-0.01108190184152452	-0.0232430925906586	-0.020143318688038588	-0.0018193146750578968	-0.020471873944399827	-0.01629353463620485	0.002912025251634909	-0.04474525780001508	-0.01887185351718397	0.010089914805090514	-0.0
CG46-46	0.4571342653240282	-0.05461846967240727	0.03186716849095043	-0.07246863274795429	-0.08558508395215929	-0.07005493286370351	0.020600094956653672	-0.10942119665398387	0.009945883989108825	-0.013872479958303685	-0.02033034466753803	0.009006360559528711	-0.005770853106016681	0.0011533382375963459	-0.019923398660847295	-0.0
CG57-57	-0.10018624783136992	-0.09764607348493501	-0.23585816439609852	0.2173361240878536	-0.10464368751984697	0.04873005079018966	0.015637222889131535	-0.04885174372277759	-0.006212124026564731	-0.022847390506914693	-0.009699595739140622	0.025429901898908022	0.0067749163070066586	0.006548673789474551	0.005506587977186305	-0.0
CG58-58	0.3761372223679366	-0.04692690052640396	-0.05446447443200767	0.06212974984631569	0.00259844295370875	0.10218772817559042	-0.026984170169048995	0.12575659461188465	-0.03936717656887556	0.028167837583315494	0.02197215661790744	-0.03413976790907869	-0.010056363704127984	-0.01011390128274177	-0.010990586360497783	-0.0
CG60-60	-0.15481541303216068	-0.03421315660909953	-0.08414058468537243	-0.10014999405547899	0.014549148874317887	0.07993381172191966	0.04111704051569641	-0.02349457659781062	0.07810663325620283	0.01747796318398747	-0.06816225228381459	-0.060241462302902074	-0.0007290266337082671	-0.022752036723001613	0.0001699323250984893	-0.0
CG61-61	-0.16281593682320705	-0.03225752749056682	-0.03481122226383317	-0.10472224093995242	0.035562915269090535	0.04561586700797404	0.001758565242020333	-0.060026236787613645	-0.11063409222511389	0.022741368690392037	0.03384586823364172	0.03821169012811117	0.0023769073107785775	-0.0431915964937596	-0.006197483924735188	-0.0
CG62-62	-0.13792043303840004	-0.04593855335883544	-0.007200584042829854	-0.07982632695671919	0.01513709222201991	0.0387554198315687	0.0695076035519577	-0.02354276589150197	-0.05484237878401172	0.01775081281006818	0.016233911309561033	-0.01681226961894025	-0.040671010134717286	0.0545845441179783	0.0013530989879139918	-0.0
CG63-63	-0.11654689501146492	-0.054332087285439916	-0.10862364918972754	-0.06318832357391424	-0.004791495423589625	-0.06832418618812054	-0.010689144641910904	0.055581769870964574	0.12791490653028256	-0.01680623303166593	0.06008480384971857	0.028731233190815948	-0.02393030857947381	-0.008842197026257858	-0.009765965405848865	-0.0
CG64-64	-0.024131772274505272	-0.08857701905269859	0.05983069432792509	0.15155355089871345	0.1219730613678584	-0.11183855561144533	0.04628819232356776	-0.018386353641303334	0.01682170597391458	0.10009229602921864	-0.0068662479705576575	-0.000375757563956366	0.0069059493598225994	-0.0005676401846525169	-0.004905814218684116	-0.0
CG65-65	0.2714844536291422	0.023309556657122543	-0.11183898910559097	-0.08055139715452224	0.12567593910338024	0.0048456280108954974	-0.02191866681050275	-0.0052578845895678294	0.016177401390013085	-0.01275410996469206	-0.004437422427793535	0.02968873176145035	0.016555424079374156	0.010969367293473739	0.03807839722538787	-0.0
CG66-66	-0.09289555206797495	-0.04042159629800941	0.1625485006063891	0.005682960048848126	0.0021030519902578374	0.1019889705406328	-0.18640786830106476	-0.02768828168457864	0.045017679324180826	0.020538089092966037	-0.011133287972931423	0.028592705659375862	0.009353858175039243	0.019350714285657815	-0.009218003987960846	-0.0

Biplot	0	0

Site constraints	0	0
