Eigvals	16
0.35992039195278047	0.13722978242009568	0.05128000681475073	0.02458788971244403	0.019411033752791997	0.007931210856183585	0.0037849035562640358	0.002898185239388557	0.0018375151899654007	0.0007480657608053363	0.0	0.0	0.0	0.0	0.0	0.0

Proportion explained	16
0.5903925184954141	0.22510376924185857	0.0841167465048622	0.04033254701979152	0.03184073300690854	0.013009897901852467	0.0062085360896643425	0.00475401483440629	0.0030141532545329606	0.0012270836507090512	0.0	0.0	0.0	0.0	0.0	0.0

Species	0	0

Site	16	16
CG40-40	-0.2749738035026883	-0.09286203530296802	0.04403458011590181	-0.02295336525383359	0.015916558770001178	0.019711475876208424	0.0005825751863060735	0.0015568774523407848	0.001977116356071505	-6.479623833316627e-05	-0.0	0.0	0.0	0.0	0.0	0.0
CG41-41	-0.1646453151474618	0.11155655742774194	0.10396057474970151	0.011102649098920649	0.035648098315071	0.00682648562766213	-0.008513989795598028	0.003888025075690532	0.004433602721985235	0.0011788154374478483	-0.0	0.0	0.0	0.0	0.0	0.0
CG42-42	-0.006159485236036079	-0.07396683089864317	-0.044016994729895904	-0.00014403335373821193	-0.03082118606910928	-0.01228276513952708	0.004782786104508857	0.0011897997807073031	0.0023537541057455204	-0.022602967332978313	-0.0	0.0	0.0	0.0	0.0	0.0
CG43-43	0.24775931717256344	-0.010179600126906545	0.06437548550760233	0.010151977909154808	-0.058551872069293	-0.036224604231413104	-0.011985505438400284	0.002206840008167164	-0.008867509347077017	0.0059389707749535016	-0.0	0.0	0.0	0.0	0.0	0.0
CG44-44	0.06732069754765599	0.023967276725057735	0.0030443430245614593	-0.031882269261474916	-0.0026779605358815024	0.040608300093629736	-0.008295902339593373	0.0038803947335102618	-0.03008425454401382	-0.0028176254947588062	-0.0	0.0	0.0	0.0	0.0	0.0
CG45-45	0.21980304945324153	-0.01052843918301224	0.09769064804925309	0.04859052366459887	-0.0002573846057123895	0.0312108501745137	0.0009683751963273473	-0.004050643159961952	0.008372563265729847	-0.005327372635873292	-0.0	0.0	0.0	0.0	0.0	0.0
CG46-46	-0.24261292461037579	0.04789146231716233	0.04469322958708563	-0.06474590915267224	-0.06107115892355336	-0.02188142844786802	0.007193249115691692	-0.011768675641257187	-0.00028552900524771494	0.0015331999062252262	-0.0	0.0	0.0	0.0	0.0	0.0
CG57-57	0.05017834829062644	0.1269305892215421	-0.09194163926779406	-0.03440610682911393	0.02608545293235528	0.0060560136073866105	-0.02332700529021114	-0.017601474257459625	0.005761527747122467	-0.0012292357926834572	-0.0	0.0	0.0	0.0	0.0	0.0
CG58-58	-0.061501046694452784	0.18387223584427195	-0.055058487318590706	0.07498318061602782	-0.003622479658751435	-0.008471616476668024	0.018045822937517223	-0.012820345652300932	-0.0092127328895135	0.001745756375634171	-0.0	0.0	0.0	0.0	0.0	0.0
CG60-60	0.05377892840470132	-0.08095268524166221	-0.055684925964499365	-0.03284856219448669	0.026193199838426766	-0.007321919868783871	-0.007243754012411681	0.016211739490315506	-0.0072794861478062325	0.005571900956687434	-0.0	0.0	0.0	0.0	0.0	0.0
CG61-61	0.13198759400569815	-0.10263380392410301	-0.013086051184648123	-0.02468518606714581	0.022199086439140477	-0.00697225970802232	0.013491262435573534	-0.013775733688261568	0.006481252491658861	0.006635106122026226	-0.0	0.0	0.0	0.0	0.0	0.0
CG62-62	0.11740535236856815	-0.049100920620715256	0.016373705344558443	-0.018586168480513345	0.035993038113310186	-0.008518661658243193	-0.0026169188810484466	-0.021430915344040524	0.008106716517549099	-0.00044316042945012456	-0.0	0.0	0.0	0.0	0.0	0.0
CG63-63	0.0019193869685687247	0.08331770844536003	-0.03091057172180741	0.0063290179337618276	-0.01843762315692535	-0.004664185080671049	-0.022409725448874866	0.028399558726385842	0.017579587819506644	0.0007243562059179825	-0.0	0.0	0.0	0.0	0.0	0.0
CG64-64	-0.057965009689652666	-0.0915439928527349	-0.06883976211483221	0.033188200172781714	-0.059803561429725344	0.040741297670349064	0.009732762227196984	-0.0004096699966924028	0.008709653964036132	0.009001132303305905	-0.0	0.0	0.0	0.0	0.0	0.0
CG65-65	0.09473031494326156	0.06886307403894859	-0.0011959656628221821	-0.02818328315030042	0.03464671524352734	-0.009093207374941197	0.04007670787495101	0.02253152773852865	0.0013840657307384594	-0.00039786300568469965	-0.0	0.0	0.0	0.0	0.0	0.0
CG66-66	-0.177025404274218	-0.13463059586933904	-0.013438168413774166	0.07408933434803369	0.038561076797119384	-0.029723775063612068	-0.010480739871936037	0.0019926947343289723	-0.009430328786485566	0.0005537828475667602	-0.0	0.0	0.0	0.0	0.0	0.0

Biplot	0	0

Site constraints	0	0
