Eigvals	16
1.1226443658657612	0.5161886012722663	0.4916899234026226	0.44265181068490833	0.3831449568699841	0.3656007672236683	0.29518218578542543	0.26215623425891693	0.21607607907578452	0.18383122220641712	0.135799811450952	0.11334919365929044	0.08157721399943102	0.06642533539732377	0.04304642384724539	0.0

Proportion explained	16
0.23788042967881018	0.10937672694883797	0.10418562975422518	0.09379479924849168	0.08118571627909393	0.07746822612965228	0.06254702497350226	0.05554905858401361	0.045784998434674644	0.038952540498539565	0.02877502304422253	0.02401789534713864	0.017285636759259614	0.014075060461100535	0.009121233858437532	0.0

Species	0	0

Site	16	16
CG144-144	-0.49874791214296493	0.031580092926970414	-0.07191094837288259	0.045158503471754506	-0.14551668017190783	0.018704403743605498	0.0915035731717226	0.013009822166372058	0.3281099173203206	-0.10415589328478093	-0.07134828638385059	0.03284463593987643	0.008018243244922042	-0.018084329347207877	0.012576887270087595	-0.0
CG145-145	-0.406714374063515	0.19660792657294918	-0.12258506668747216	0.3826057231642878	0.1930699016921382	0.11945496791164302	-0.21435985284783382	0.032074280105591754	-0.09566044696848017	0.04308820327157829	0.008775274796572953	-0.023641635155535867	0.0012086399745324667	-0.001007484031466338	0.0021801438991676117	-0.0
CG146-146	-0.23352222646471898	-0.017779375032178975	-0.24403789706127915	-0.22276949196454426	-0.1340579734033255	-0.2355367409588729	-0.056207032783655554	0.29301991748820067	-0.10630085548751456	0.04477021729528975	0.040448332139941624	-0.0009843506148789671	-0.057225355412562184	-0.008594374057021308	-0.008555234153229702	-0.0
CG147-147	0.20033605633507262	-0.12583967181293126	-0.03353373091802561	-0.04550885001831486	0.04371939248613592	0.07051884462103532	-0.08323409699040744	0.04590130794019214	0.15912279474253432	0.25497654502008416	0.07471227397386836	0.08264651062540813	0.08463235777099788	0.09704238469592665	0.022947977091124356	-0.0
CG148-148	0.022693629798077725	0.16566416930217942	0.28973137673715565	-0.15752103671849205	0.0262306104169098	0.2432831674728195	0.011543245770321363	0.09492985437673335	-0.06673335815279138	0.030051826474468718	-0.09189185698558294	0.16938365979857906	-0.08292840362069508	-0.04667209952704744	0.005345555360998676	-0.0
CG149-149	0.11718173697342894	-0.023473366518523355	0.22443946481513194	0.12429496854347896	-0.2020741924711603	-0.21244097287230176	-0.08067211490634688	-0.01038462478932857	-0.06829329659941381	0.07715115629792305	-0.19424055352516434	-0.054494292152228355	0.09540549179321271	-0.03483970280296763	0.044753054437765144	-0.0
CG150-150	0.12031421960326229	0.11379785644847927	0.27048683847922983	-0.13989974616399492	0.09392241643870523	-0.15536775529364844	-0.27532026446130387	-0.05429753837457847	0.13221829828815393	-0.09224242435390723	0.11954464563354544	-0.05236123241651496	-0.009778710373519336	-0.040607346626758946	-0.05362495192197351	-0.0
CG161-161	-0.45230601795619574	-0.11242569979028455	0.08377036792022671	-0.21039394406623976	-0.2050838687232172	0.1917649087963296	0.0017288475721332032	-0.2152809545951096	-0.14489018928122235	0.019104631838338625	0.07324643667814204	-0.0709209241204303	0.039905092477080524	0.038855376035559705	-0.01325533054447229	-0.0
CG162-162	-0.2739293045855871	-0.33491898511676255	0.10804447048740984	-0.031130109159091778	0.39075528731149056	-0.1929482463709827	0.15943900185056442	-0.05407014624785901	-0.043881110929780566	-0.007290323761975882	-0.03800645192284104	0.03336528722961867	-0.0020441548706555727	-0.0013726540213855967	-0.001704486784584164	-0.0
CG163-163	0.10223216548873841	0.1432755566817723	0.1046318535811435	0.2508713251866666	-0.16196830964914866	-0.20309636567790007	0.15719406454201484	-0.10370909632309175	-0.05412770051895064	-0.030530616274363397	0.13990838722006183	0.09921380429230059	-0.07743909791176988	0.0742030373322539	0.022662418786478556	-0.0
CG164-164	0.17054271465528717	0.1974352302568463	-0.21639218833477075	-0.017723865767000975	0.022198555964280962	-0.02121622936804062	0.18737826815087605	-0.12553400495002276	-0.0057482959983846385	0.1270031843749347	0.036293459119758925	0.008659637456353338	0.06084941730174705	-0.14472652692771035	-0.06547334154334782	-0.0
CG166-166	0.14681945027717186	0.2578214118890888	0.09183921562573412	-0.0524901579060269	0.11028514302475807	0.07651049673564418	0.21340676619081533	0.1859443890127797	-0.01832482067904689	-0.09196278723294228	-0.009183533919869404	-0.13185339174535549	0.08463554024577037	0.09505496381641779	-0.0171399887420155	-0.0
CG167-167	0.2732725012298638	-0.23520939291314732	-0.10812609839681717	0.13370613069440498	-0.09295987368917696	0.07403457193524308	-0.04948405441421658	-0.00720300573931233	-0.007246200903029656	-0.05731439821444297	-0.10908670429088566	0.013267334078553256	-0.05157650778015773	0.05838301858587325	-0.14108122987491384	-0.0
CG168-168	0.21768291671723333	-0.176494245497128	0.031465031238071026	0.08016617008522142	-0.007618519855123651	0.1349019728863884	0.07013618497464268	0.030398742371171975	0.07096568868901885	0.08235512359971832	0.035961693157129854	-0.17844015946178993	-0.14801933059276634	-0.05438256636288908	0.060332442693876956	-0.0
CG169-169	0.2576978163983874	-0.23873112840352959	-0.09762809482403458	0.06713499295927981	-0.03524432383219746	0.12527581968674517	-0.040802357318930706	0.08216949680343703	-0.06795093291123928	-0.21542259729659188	0.09697221506414229	0.07076591752701493	0.09961011316119289	-0.07031403532224666	0.05776186753034345	-0.0
CG170-170	0.23644662773645816	0.15868962100620052	-0.31019459428882107	-0.2065006123413878	0.10434243446083964	-0.033842843247706346	-0.09225017850039638	-0.20696843924517513	-0.011259490610177248	-0.07958184775333033	-0.1121053307549699	0.002549198719028848	-0.045253335407330945	0.057062338560671444	0.07227421649469594	-0.0

Biplot	0	0

Site constraints	0	0
