Eigvals	16
0.8077639711625068	0.6102114410568295	0.4825453837834769	0.46414148425723223	0.4389927994413481	0.42454372090923	0.3866782855888878	0.3850161127293052	0.34749556875554055	0.3444494542852506	0.3106200990900038	0.2833004798841253	0.2799093226428139	0.24933960733771232	0.22296014882241788	0.0

Proportion explained	16
0.1337807665178232	0.10106238608914735	0.07991850791424246	0.07687047919120514	0.07270538833336188	0.07031235166607767	0.06404112994471753	0.06376584314414377	0.05755174185691751	0.057047248535495976	0.0514444768962626	0.04691983884750493	0.046358200013239766	0.04129528548405812	0.03692635556580205	0.0

Species	0	0

Site	16	16
CG144-144	-0.4015284285512785	0.04763259241398586	-0.03163188848139907	-0.26609572666154874	-0.021294104301922898	-0.2328540282680029	0.38859001834286444	-0.11743539173499833	-0.056677427700390956	0.05173204157361422	0.043562637354587	-0.012142514441562047	-0.004273518909174743	0.012119236771546006	-0.006369538668399159	0.0
CG145-145	-0.33466920418013246	-0.1209248613053112	-0.4516732597074998	0.3584996819700463	-0.07745262893579286	0.06445593598766435	-0.039381069703097855	-0.07054535748556995	0.05266806338340419	0.08253733136954343	0.028280539185342558	0.020220818427379408	0.028473434221944843	-0.005639535727846175	0.0014002876086797627	0.0
CG146-146	-0.17228236722902737	-0.10797244461764184	0.2283807449620824	-0.03317485370896316	-0.08431490899367117	0.5018689556381858	0.09014287590600292	-0.18909969998316098	-0.025326292876301445	-0.10227793207331638	-0.053461951931496055	0.02698641413970455	-0.014948494975559596	-0.010396297157674778	0.024117670521089686	0.0
CG147-147	0.16781161203682043	0.2681188477160124	-0.016539614755403213	-0.010922783168190885	-0.012611545859546002	-0.005660131290805039	0.015731213392268118	-0.04188906513344978	0.07296363388849701	-0.06133345872390281	-0.012741281474999297	0.23027169847813947	0.31317830986195927	-0.14387580688541818	-0.17091301438686549	0.0
CG148-148	-0.009855990406107736	-0.08459606282973627	-0.021544002940005687	-0.003543940257660653	-0.3239016627939734	-0.16748420364426833	-0.11294554710919104	0.08529701212392303	-0.17309558358924246	-0.4051794428573176	-0.009157132765078485	-0.019222846772530687	-0.025515517441347026	0.013012411476001202	0.008170755334446844	0.0
CG149-149	0.14242718271178118	-0.007073919211198153	0.030397946594043008	0.02564973196107104	-0.12106452760289857	0.06680683137810284	0.016126176027098944	0.200781488671058	-0.3933313844816411	0.3035295854954209	-0.0720463850818879	0.04393533727120525	0.024851365194651885	0.05601685246079459	-0.04403087421536932	0.0
CG150-150	0.05273225054102547	0.010416404147407911	0.1980829667426193	-0.036486349648209036	-0.31163229585221014	-0.16265794638255218	-0.2229242668939149	-0.22906673907479685	0.19264085861238842	0.2306938123914951	0.008910408302793776	0.045052739462906354	-0.07590117751848517	0.041985009266073306	0.033332255511945436	0.0
CG161-161	-0.4009959781985294	0.10762260822971738	-0.050054454060539225	-0.31938229014029484	0.1423170353066167	0.08776822671209794	-0.3175537964175726	0.24303091839320556	0.06824106563689396	0.025531183873467853	-0.003232906897357224	-0.0030083149693941216	0.0029716695671223653	-0.008354152767873728	0.008752996067458406	0.0
CG162-162	-0.26376827233977396	0.15088512597600734	0.38603441898377594	0.3940099100281956	0.19092198843486624	-0.13805288114623815	0.015228007143969624	0.11408204257338293	0.003643112374893152	-0.03446304804787376	0.027519199476492378	-0.01566158078131656	-0.014048932373415729	0.0051250203465696385	0.013600305268110527	0.0
CG163-163	0.16142045749370917	-0.2695906181640684	-0.016535310327503352	-0.014603103620642743	0.0757629336416536	-0.0364832074895501	0.09558203316733799	0.1443191576789228	0.10812830939707561	0.006875016453716579	-0.06135070493484511	0.17710800177082592	-0.2801705219909183	-0.2460354496216955	-0.05030413104928143	0.0
CG164-164	0.17058332237222998	-0.25475235393696655	-0.012084239836517094	-0.027810331271872813	0.11880781874998354	-0.013705100214972869	0.0801364130851431	0.09874623446931939	0.16249381027006124	-0.05418463010510937	-0.025892806154362322	0.13572717412317362	0.06530202926000678	0.37066777465893574	-0.012148636503432082	0.0
CG166-166	0.160831741053369	-0.25478472800565855	0.057980277189165784	-0.019653330656899896	-0.06971703163799191	0.014826199838701225	0.08111473148885065	0.1534463199279355	0.1496301182769257	0.060001200122933154	0.07957684216872507	-0.3306274224635182	0.20894178924625137	-0.1223697635768738	0.031263651156156105	0.0
CG167-167	0.24145371628189322	0.241728712080352	-0.10115405028587808	-0.010269665563038285	0.05278204738959134	0.03453997950506832	0.05372801572694153	0.011075991653607443	-0.01502104071100195	-0.019593643233612856	0.09559643880415739	0.07706591353556708	-0.0011362337910591732	-0.031260953476921885	0.3879760563120198	0.0
CG168-168	0.15763694871319153	0.30221056479863606	-0.11644846296329753	0.019759779032390297	0.047658747181073914	0.005508667897481932	0.04348567601946187	-0.04882821009809367	0.0741224009696895	-0.03270655899014681	-0.38766256268540167	-0.2085132784806162	-0.10213730125843258	0.04607325437629469	-0.04677452755507517	0.0
CG169-169	0.21474071999715683	0.22578443275509333	-0.07255794202705455	-0.006698231719416148	0.0475447358403262	0.10323319392416899	0.00016297185663510894	-0.04032533508009881	-0.014495777286777763	-0.02962677813488085	0.3582349627795674	-0.11449727781493366	-0.18280279551935735	0.0702932634889385	-0.18263888502088826	0.0
CG170-170	0.11346228970367195	-0.2547043000466318	-0.010653129086589778	-0.04927849657496561	0.346193399433896	-0.12211049244508212	-0.18722345203279844	-0.3135893669011873	-0.206583866164471	-0.021534679114030342	-0.016135296146236877	-0.05269486148502954	0.05721589642581381	-0.047360863630850486	0.004565629619403694	0.0

Biplot	0	0

Site constraints	0	0
