Eigvals	16
0.7525980253712695	0.5030486860820409	0.44746629662290577	0.39905049864837777	0.37624244932702344	0.3571743930378129	0.34530599646469234	0.3297532751590264	0.31179916511031897	0.29742526233388983	0.2878684038800644	0.2615136580627498	0.24391802079751201	0.20185038805000033	0.19191839496543184	0.0

Proportion explained	16
0.14181412080755593	0.09479085080634894	0.08431730792182981	0.0751941856288012	0.0708964020141716	0.06730335559762089	0.065066960910587	0.06213631875664314	0.05875317630130186	0.05604466217278419	0.054243836986400104	0.04927773957291656	0.0459621451324616	0.03803522511483268	0.036163712275744414	0.0

Species	0	0

Site	16	16
CG144-144	-0.20990820420018222	-0.041040645478476905	0.1623851735987088	0.03226266329572473	0.19391184193027808	-0.09512297198143298	0.24246559680984064	-0.22622263165066422	0.1746484635111455	-0.006157499227166472	-0.08512998471084159	-0.16628270824815608	0.10041271267495226	-0.025884724519217413	0.131300727135245	-0.0
CG145-145	0.03399374258954002	0.12323763399306571	-0.21568313811554843	0.03285149630779484	-0.1246313189950556	-0.037723462833043606	-0.29465625164814296	-0.1009886949651347	0.32417980794015006	0.15197858612667997	0.04432268609165727	-0.10060640105927177	-0.046388033719693925	0.0027789945372769767	0.021354340046463027	-0.0
CG146-146	-0.0964195799810801	0.11628451747573078	-0.011981925176067821	0.10758575387943273	-0.1601258145254309	-0.2676943061415785	0.013809294654354954	0.23290734618479106	-0.004270354868660515	-0.030365706070279087	0.04265634063853266	0.09375119279971145	0.2974692931617164	0.05516028835366212	0.052138527429478165	-0.0
CG147-147	-0.1209014398299489	0.0809183860305929	-0.07714504430928154	-0.033844105590230766	-0.13038730462132864	0.14775595673112457	0.04867210500287403	-0.26711982107006793	-0.1815508484899599	-0.04911434754634143	0.280774310687699	-0.07602399532408831	0.12851966142291474	0.025958658379907643	-0.12274626210436462	-0.0
CG148-148	-0.10406995517716	0.1954945881319718	0.2257539952734274	-0.13263477818771016	0.14711264261208767	-0.017818185121939924	-0.03210387545231966	0.01716136757357471	0.05211399757880571	0.15906909110614767	-0.12176550757962079	0.10596831427878015	0.02695121424432958	0.0068531829056834095	-0.289078586856578	-0.0
CG149-149	-0.10935953490854686	0.18594233316166744	0.17103301444480534	0.13191041863932693	-0.1008168700791659	-0.12345466862699628	0.11130348664141786	-0.0005932281020617371	0.05601691822585014	-0.14772984219372895	0.16005405939750322	0.13420469106422478	-0.3099853239853352	-0.013317440370605489	0.020593045895931705	-0.0
CG150-150	-0.14974896077222324	0.03916340786162614	-0.07188122017180418	-0.02954509171809042	-0.10637860744526506	-0.1385830732841673	-0.00040958049273210224	-0.04027915770772354	-0.3230525631401528	0.2652563357833119	-0.1590828806281227	-0.07414669939759944	-0.13281270998584477	0.011225219781874294	0.09697137777844883	-0.0
CG161-161	-0.23619804168168715	-0.1172182308329038	-0.038935526781062706	-0.029103001172051664	-0.06256651153795706	0.1879720216611384	0.11883151944245428	0.343174642811742	0.06257884379273675	-0.016192059758398575	0.02029076116042924	-0.2595250320290133	-0.0733700256945806	0.022711019308659448	-0.07081979083849586	-0.0
CG162-162	-0.2382199775161593	-0.44065758826647605	0.13705311343738444	0.16469902257774072	0.12217854141490961	-0.041183198874891976	-0.3053608940161538	-0.020044559223911497	-0.07440164055347229	-0.06228534393766584	0.04713561572750743	0.04889629970948217	-0.0067664816568004825	-0.008822792963884243	-0.020679241496525218	-0.0
CG163-163	0.09646756129248543	-0.16888557748566838	-0.26603892866671003	-0.39957879277678915	0.17245776685127626	-0.2077952730410891	0.06134261846166095	0.022346381233916933	0.016081320589028426	-0.0836527643954187	0.09596291623085659	0.06857233670191822	-0.05717370158469946	0.045003700912293415	-0.002835114397552583	-0.0
CG164-164	0.38172890971575973	-0.08304706980365709	0.09890578584364157	-0.04914402263068569	-0.24527862351318594	-0.08538501244325279	-0.035110778310126045	-0.07499161688776033	-0.026383863191749922	-0.2416722441411967	-0.22735730253936293	-0.1212664427671766	0.002657601943033269	-0.0690236123116593	-0.0911459055626154	-0.0
CG166-166	0.10201791188562306	0.18215905332568474	0.26946328949378145	-0.26302031363745465	0.045480088630452456	0.21424615436566258	-0.18466181018192993	0.07480773948849877	-0.051883343128920505	-0.046864647270682055	0.04489406658917028	0.006620856959454293	0.03999936976999932	-0.0031131647514139097	0.2157541445058609	-0.0
CG167-167	0.07879484446285712	0.16477041974608617	-0.22854816608158066	0.15776087641879588	0.22139424704645366	0.05943701151636673	-0.005997083580639563	0.07069623341588754	-0.08316841610457167	-0.05660872721296291	-0.017106868182732233	0.017157917372083435	0.02213965873787949	-0.3188365449276234	-0.0017483398258767266	-0.0
CG168-168	-0.19715270556284195	-0.11350147613978268	-0.17273568981481682	-0.014009439951469853	-0.15151906034224877	0.2681697714563326	0.10018922153002723	-0.0689476636398622	0.08462192263255024	-0.03232877265984494	-0.20136768201799812	0.28068857747488635	0.020400558808663535	0.026379001574986165	0.05082415079592934	-0.0
CG169-169	0.28563431830126595	0.12202076461265918	-0.10784745160029657	0.2380730423537876	0.22833947093914075	0.07833114609483452	-0.003145449097361283	0.003321827488326213	-0.06523795512532997	-0.07216165714267703	-0.06936437275205486	-0.030373131398139956	-0.0276822053087695	0.2915423865222347	-0.001927897762392017	-0.0
CG170-170	0.4833411113822987	-0.24564051633211875	0.12620271862541857	0.08573627219187854	-0.049170488364961504	0.05884809052293379	0.16483188023677403	0.034771835050449805	0.03970771033255039	0.2688295985402227	0.14508384188737736	0.07236422386290492	0.01562841117223694	-0.04861417243217492	0.01204482525704506	-0.0

Biplot	0	0

Site constraints	0	0
