Eigvals	16
1.770229117796202	0.6594012573091899	0.274726576039849	0.18633629162675805	0.10625542419074324	0.08512949085080504	0.07107401055947149	0.06419496368927996	0.04788687125999502	0.04525530354650151	0.02805963519996903	0.027661771053052023	0.020381861712547716	0.009458089146494713	0.0	0.0

Proportion explained	16
0.5212611038379313	0.19416708481499453	0.08089590033318698	0.05486852525584356	0.03128793846267016	0.025067202840553637	0.020928430577698852	0.018902828620945975	0.014100752903333286	0.013325862310149737	0.00826243126982018	0.008145276319472464	0.006001636527016959	0.0027850259263823584	0.0	0.0

Species	0	0

Site	16	16
CG144-144	-0.0819429383443735	-0.17514434468927997	0.09295933565045679	-0.1669908652263582	-0.03694698047506571	-0.014529521158132656	0.11448381209451824	0.1364180452778938	0.04496707477441448	0.0528590676523565	0.04845320540807909	-0.020196742643496832	-0.007355395264788988	0.0025927692913057065	0.0	0.0
CG145-145	-0.027087378401676483	-0.2823995119150743	-0.10945381003542812	0.20986404703438474	0.08861265302480026	-0.0467706506241128	-0.07493518105089975	0.10703860286841052	0.0040594289407357145	-0.03227434627345119	0.02110038484309665	-0.02138782252813101	0.0038692839857077267	0.027190533912259007	0.0	0.0
CG146-146	0.06234309490956784	0.10228318469776329	0.0027485907628711087	0.02937621742265776	-0.18280583571407016	0.02732136039199884	-0.10987996465352082	-0.00020964700853056586	0.11923604592817189	-0.020698328336427017	0.03125325381085139	0.046355154596163184	-0.006557733841673581	-0.0019213667154396226	0.0	0.0
CG147-147	-0.08460282934338537	-0.20168993314580835	0.054518343939389396	-0.1294195169650277	0.04759785806984402	-0.10271506934572716	-0.039547203478043254	-0.0836584913648218	-0.0455079525339742	-0.0507535016630272	0.08063610476713941	0.02969468533081769	0.025276153099980006	-0.028334156065274035	0.0	0.0
CG148-148	0.05951174615596077	-0.10665238173110278	-0.11071144818120583	0.006620141087793657	-0.1321397986893978	-0.02088484973496714	0.06794504171792418	-0.00026415251621479826	-0.009698425145444991	-0.052863861272439645	-0.06557428034206124	-0.03939742041366569	0.08020411676099472	-0.017360428677532635	0.0	0.0
CG149-149	0.05255057994823856	0.03783037129709836	-0.008120359617069547	0.04400001437356272	-0.12000577720091052	-0.02041533520053209	-0.05722741453766223	0.02328502897663267	-0.13042928192585948	0.11578981305343027	-0.00478175834066726	0.005687546930160051	-0.025750775801211472	-0.012474301263136481	0.0	0.0
CG150-150	-0.08735628826630343	-0.18117802997302918	0.11314267190145331	-0.1705153321448861	0.06302071956792138	-0.04104657993352793	-0.10848731223591865	-0.0036609614463948056	0.033865259562499195	0.012089287932501486	-0.10466549153874476	-0.013352618124966893	-0.023876666745588013	0.0021909519458527464	0.0	0.0
CG161-161	-0.2670955718787322	-0.0754186388151751	0.4000744184667886	0.16980146526059592	-0.003008196065875773	0.08531974386347263	0.04170769555333868	-0.03839672147311108	-0.014593223816735786	-0.01817190588002135	-0.006255948101669489	-0.0010671064597714572	0.007121911037689358	0.003513480530626363	0.0	0.0
CG162-162	-1.0966380211967657	0.33231903010986685	-0.1279710673976583	-0.02829721667998701	0.03846285505121451	0.025338718387661132	-9.53098999244774e-05	0.011831545843828924	-0.0038522814521812837	-0.005783102592735934	-0.00031582556258353417	-0.002003803224820335	0.003183114691236885	-0.002152839422935729	0.0	0.0
CG163-163	0.2633292897057782	0.3185602283823064	0.04219256823983691	0.12969016313269538	0.0815922455128939	-0.15376261159760377	0.05974073215177507	0.02224758322339466	0.03817188533333436	0.027027318026846107	-0.026497387175847084	0.04837997446529862	0.005989985865175387	-0.024433976798045567	0.0	0.0
CG164-164	0.37979302263376186	0.24873357141863495	0.017036692016251586	-0.028269791138208756	0.07400085930768446	0.08134494531624388	-0.07935831778346089	0.0005738430950161833	-0.00993742820388302	0.030283450318102437	0.035070042408214167	-0.07209079893712944	0.055563434498876574	-0.00228362284997043	0.0	0.0
CG166-166	0.202947757909265	0.15827915737285403	-0.013582308746409043	-0.018559126119854785	-0.05348913257167806	-0.02757825126068305	0.028937571175166592	0.00865540306105654	-0.061880854623705205	-0.1226070783609095	0.002280116773350494	-0.036067605070036285	-0.07405146613188013	0.011279934489199006	0.0	0.0
CG167-167	0.1058310764814909	-0.024880647971495667	-0.061527244803904924	-0.0593249784857687	0.002375615224521314	0.01579161970163144	0.03493154721268348	-0.038035903033909	-0.03847579423622925	0.014314534825435106	-0.009706281967961616	0.08058986204641932	0.03369233089005285	0.06793348137598267	0.0	0.0
CG168-168	-0.016539487963283042	-0.1240100208462456	-0.11985594453332551	0.06571759419291408	-0.0015364901285702972	-0.03539664290668856	0.05783560628823517	-0.15140551140983877	0.0629643030957082	0.0677071108355134	0.016012088476112313	-0.06316815951898687	-0.035243959306496084	0.013843839458455602	0.0	0.0
CG169-169	0.10238471509054081	-0.2695647563369813	-0.17075820319591797	0.03972535617164907	0.06434199436671129	0.14909001756744375	0.03176759604066865	0.0015787326401374895	-0.004137814749503034	-0.0017052090418627481	-0.012882371593856785	0.05127154064250957	-0.025235745113635855	-0.04332100495127114	0.0	0.0
CG170-170	0.4325712325599142	0.2429327221456688	-0.0006922344661299821	-0.09341817191616215	0.06992741071997585	0.07889310653352513	0.03218110140511905	0.004002603266451293	0.015249059052652846	-0.015213249223310849	-0.004125851863449786	0.006753312909635338	-0.01682858862444188	0.0037367057399285415	0.0	0.0

Biplot	0	0

Site constraints	0	0
